#  No.   M* (M_sun)   R* (R_sun)  Rph (R_sun)  L* (L_sun)  Ltot (L_sun)   t (yr)
    1  1.06080E-02  7.31067E+00  0.00000E+00  8.66784E-02  4.55771E+00  1.06096E+02  
    2  1.12376E-02  7.34852E+00  0.00000E+00  1.00240E-01  4.81447E+00  1.12446E+02  
    3  1.19082E-02  7.32413E+00  0.00000E+00  1.23170E-01  5.13386E+00  1.19120E+02  
    4  1.26198E-02  7.30553E+00  0.00000E+00  1.46571E-01  5.46979E+00  1.26229E+02  
    5  1.33770E-02  7.31078E+00  0.00000E+00  1.66868E-01  5.80411E+00  1.33771E+02  
    6  1.41794E-02  7.34681E+00  0.00000E+00  1.85375E-01  6.13155E+00  1.41798E+02  
    7  1.50379E-02  7.35503E+00  0.00000E+00  1.98890E-01  6.49469E+00  1.50303E+02  
    8  1.59402E-02  7.33358E+00  0.00000E+00  2.18588E-01  6.91513E+00  1.59404E+02  
    9  1.68993E-02  7.27845E+00  0.00000E+00  2.55909E-01  7.40800E+00  1.68968E+02  
   10  1.79277E-02  7.20606E+00  0.00000E+00  3.02827E-01  7.96144E+00  1.79135E+02  
   11  1.90171E-02  7.17257E+00  0.00000E+00  3.36729E-01  8.49933E+00  1.90036E+02  
   12  2.01659E-02  7.13728E+00  0.00000E+00  3.57180E-01  9.05860E+00  2.01584E+02  
   13  2.13770E-02  7.11197E+00  0.00000E+00  3.71092E-01  9.63100E+00  2.13761E+02  
   14  2.26553E-02  7.08375E+00  0.00000E+00  3.81654E-01  1.02368E+01  2.26598E+02  
   15  2.40128E-02  7.09054E+00  0.00000E+00  3.97771E-01  1.08322E+01  2.40150E+02  
   16  2.54653E-02  7.03934E+00  0.00000E+00  4.06093E-01  1.15462E+01  2.54538E+02  
   17  2.69746E-02  6.92801E+00  0.00000E+00  4.04936E-01  1.24088E+01  2.69936E+02  
   18  2.85743E-02  6.80821E+00  0.00000E+00  4.04340E-01  1.33433E+01  2.85934E+02  
   19  3.03042E-02  6.68382E+00  0.00000E+00  4.06565E-01  1.43680E+01  3.02892E+02  
   20  3.21172E-02  6.55878E+00  0.00000E+00  4.10069E-01  1.54990E+01  3.21229E+02  
   21  3.40514E-02  6.43748E+00  0.00000E+00  4.12761E-01  1.67057E+01  3.40447E+02  
   22  3.60945E-02  6.31488E+00  0.00000E+00  4.14136E-01  1.80237E+01  3.60949E+02  
   23  3.82602E-02  6.18127E+00  0.00000E+00  4.20971E-01  1.94906E+01  3.82606E+02  
   24  4.05545E-02  6.04111E+00  0.00000E+00  4.28155E-01  2.11109E+01  4.05563E+02  
   25  4.30003E-02  5.98213E+00  5.98843E+00  4.51039E-01  2.26501E+01  4.29883E+02  
   26  4.56121E-02  5.89487E+00  6.11112E+00  4.56291E-01  2.42712E+01  4.55809E+02  
   27  4.83889E-02  5.76902E+00  6.25768E+00  4.46259E-01  2.62211E+01  4.83494E+02  
   28  5.13203E-02  5.63146E+00  6.41858E+00  4.27725E-01  2.83991E+01  5.12929E+02  
   29  5.43969E-02  5.51269E+00  6.58438E+00  3.98939E-01  3.06680E+01  5.44002E+02  
   30  5.76235E-02  5.42125E+00  6.74071E+00  3.56722E-01  3.29555E+01  5.76615E+02  
   31  6.10239E-02  5.35569E+00  6.88778E+00  3.13950E-01  3.52579E+01  6.10816E+02  
   32  6.46486E-02  5.32089E+00  7.02166E+00  2.68933E-01  3.75242E+01  6.46861E+02  
   33  6.85790E-02  5.31377E+00  7.14417E+00  2.22424E-01  3.97802E+01  6.85283E+02  
   34  7.27125E-02  5.33219E+00  7.25794E+00  1.78836E-01  4.20833E+01  7.26946E+02  
   35  7.70749E-02  5.36779E+00  7.36327E+00  1.40368E-01  4.44548E+01  7.70762E+02  
   36  8.17207E-02  5.41843E+00  7.46070E+00  1.06597E-01  4.69514E+01  8.17004E+02  
   37  8.66238E-02  5.47919E+00  7.55375E+00  7.88910E-02  4.97523E+01  8.66250E+02  
   38  9.17719E-02  5.54621E+00  7.64202E+00  5.68168E-02  5.30010E+01  9.18224E+02  
   39  9.72779E-02  5.61821E+00  7.72723E+00  4.16539E-02  5.65626E+01  9.72794E+02  
   40  1.03115E-01  5.70258E+00  7.82896E+00  4.10087E-02  5.93531E+01  1.03116E+03  
   41  1.09252E-01  5.78685E+00  7.94064E+00  4.10635E-02  6.22308E+01  1.09303E+03  
   42  1.15807E-01  5.87190E+00  8.05304E+00  4.11293E-02  6.52048E+01  1.15809E+03  
   43  1.22756E-01  5.95907E+00  8.16781E+00  4.09884E-02  6.83116E+01  1.22757E+03  
   44  1.30073E-01  6.04766E+00  8.28427E+00  4.07057E-02  7.16151E+01  1.30123E+03  
   45  1.37877E-01  6.13648E+00  8.40510E+00  4.03669E-02  7.50369E+01  1.37879E+03  
   46  1.46149E-01  6.22655E+00  8.53525E+00  3.99634E-02  7.86576E+01  1.46151E+03  
   47  1.54855E-01  6.32112E+00  8.66503E+00  3.92567E-02  8.23465E+01  1.54920E+03  
   48  1.64146E-01  6.41669E+00  8.79573E+00  3.83917E-02  8.62349E+01  1.64148E+03  
   49  1.73995E-01  6.51428E+00  8.92924E+00  3.72258E-02  9.02753E+01  1.73997E+03  
   50  1.84336E-01  6.61317E+00  9.06472E+00  3.57731E-02  9.44458E+01  1.84437E+03  
   51  1.95396E-01  6.71243E+00  9.20106E+00  3.41408E-02  9.87444E+01  1.95398E+03  
   52  2.07119E-01  6.81390E+00  9.34056E+00  3.21420E-02  1.03190E+02  2.07122E+03  
   53  2.13244E-01  6.86574E+00  9.41219E+00  3.10210E-02  1.05540E+02  2.13336E+03  
   54  2.19481E-01  6.91890E+00  9.48457E+00  3.14195E-02  1.07722E+02  2.19644E+03  
   55  2.26065E-01  6.97206E+00  9.55714E+00  3.20862E-02  1.09955E+02  2.26068E+03  
   56  2.32846E-01  7.02688E+00  9.63199E+00  3.27123E-02  1.12280E+02  2.32850E+03  
   57  2.39638E-01  7.08211E+00  9.70738E+00  3.33238E-02  1.14642E+02  2.39835E+03  
   58  2.46826E-01  7.13629E+00  9.78146E+00  3.39937E-02  1.16998E+02  2.46830E+03  
   59  2.54231E-01  7.19217E+00  9.85825E+00  3.46456E-02  1.19512E+02  2.54234E+03  
   60  2.61625E-01  7.24884E+00  9.93535E+00  3.52870E-02  1.21958E+02  2.61861E+03  
   61  2.69474E-01  7.30394E+00  1.00112E+01  3.60071E-02  1.24487E+02  2.69478E+03  
   62  2.77558E-01  7.36142E+00  1.00896E+01  3.66779E-02  1.27046E+02  2.77561E+03  
   63  2.85613E-01  7.41891E+00  1.01689E+01  3.73348E-02  1.29754E+02  2.85888E+03  
   64  2.94181E-01  7.47533E+00  1.02461E+01  3.79932E-02  1.32360E+02  2.94185E+03  
   65  3.03007E-01  7.53357E+00  1.03268E+01  3.86829E-02  1.35192E+02  3.03011E+03  
   66  3.12097E-01  7.59277E+00  1.04077E+01  3.93748E-02  1.37968E+02  3.12101E+03  
   67  3.21457E-01  7.65183E+00  1.04898E+01  4.00783E-02  1.40918E+02  3.21464E+03  
   68  3.31083E-01  7.71175E+00  1.05721E+01  4.07674E-02  1.43832E+02  3.31105E+03  
   69  3.40967E-01  7.77150E+00  1.06553E+01  4.14744E-02  1.46892E+02  3.41020E+03  
   70  3.51096E-01  7.83204E+00  1.07385E+01  4.21627E-02  1.49911E+02  3.51201E+03  
   71  3.61449E-01  7.89236E+00  1.08223E+01  4.28576E-02  1.53039E+02  3.61633E+03  
   72  3.72002E-01  7.95293E+00  1.09060E+01  4.35398E-02  1.56166E+02  3.72297E+03  
   73  3.83162E-01  8.01342E+00  1.09895E+01  4.42867E-02  1.59332E+02  3.83167E+03  
   74  3.94658E-01  8.07583E+00  1.10760E+01  4.49948E-02  1.62661E+02  3.94662E+03  
   75  4.06160E-01  8.13819E+00  1.11656E+01  4.57209E-02  1.66045E+02  4.06503E+03  
   76  4.18345E-01  8.19732E+00  1.12603E+01  4.66954E-02  1.69517E+02  4.18350E+03  
   77  4.30896E-01  8.25994E+00  1.13574E+01  4.75921E-02  1.73043E+02  4.30900E+03  
   78  4.43450E-01  8.32420E+00  1.14543E+01  4.84699E-02  1.76632E+02  4.43828E+03  
   79  4.56754E-01  8.38802E+00  1.15488E+01  4.93889E-02  1.80217E+02  4.56759E+03  
   80  4.70456E-01  8.45395E+00  1.16470E+01  5.03474E-02  1.83982E+02  4.70462E+03  
   81  4.84129E-01  8.52075E+00  1.17456E+01  5.12725E-02  1.87775E+02  4.84576E+03  
   82  4.98652E-01  8.58522E+00  1.18429E+01  5.23532E-02  1.91607E+02  4.98659E+03  
   83  5.13612E-01  8.65309E+00  1.19431E+01  5.33377E-02  1.95541E+02  5.13618E+03  
   84  5.28505E-01  8.72019E+00  1.20451E+01  5.43192E-02  1.99647E+02  5.29027E+03  
   85  5.44361E-01  8.78613E+00  1.21444E+01  5.54335E-02  2.03667E+02  5.44367E+03  
   86  5.60690E-01  8.85387E+00  1.22484E+01  5.64765E-02  2.07950E+02  5.60698E+03  
   87  5.77509E-01  8.92282E+00  1.23533E+01  5.78024E-02  2.12295E+02  5.77518E+03  
   88  5.94827E-01  8.99347E+00  1.24587E+01  5.94887E-02  2.16686E+02  5.94842E+03  
   89  6.12640E-01  9.06367E+00  1.25659E+01  6.12432E-02  2.21230E+02  6.12679E+03  
   90  6.30946E-01  9.13483E+00  1.26734E+01  6.30612E-02  2.25832E+02  6.31026E+03  
   91  6.49760E-01  9.20640E+00  1.27816E+01  6.49405E-02  2.30520E+02  6.49883E+03  
   92  6.69060E-01  9.27651E+00  1.28918E+01  6.68495E-02  2.35397E+02  6.69261E+03  
   93  6.88814E-01  9.34863E+00  1.30013E+01  6.88016E-02  2.40257E+02  6.89141E+03  
   94  7.08991E-01  9.42000E+00  1.31116E+01  7.08064E-02  2.45235E+02  7.09487E+03  
   95  7.29550E-01  9.49075E+00  1.32223E+01  7.28447E-02  2.50307E+02  7.30270E+03  
   96  7.51437E-01  9.56176E+00  1.33327E+01  7.50120E-02  2.55413E+02  7.51446E+03  
   97  7.73982E-01  9.63488E+00  1.34481E+01  7.71014E-02  2.60835E+02  7.73990E+03  
   98  7.97199E-01  9.70699E+00  1.35657E+01  7.93782E-02  2.66449E+02  7.97211E+03  
   99  8.21126E-01  9.78172E+00  1.36827E+01  8.17249E-02  2.72078E+02  8.21125E+03  
  100  8.45791E-01  9.85681E+00  1.38010E+01  8.41866E-02  2.77844E+02  8.45770E+03  
  101  8.71208E-01  9.92968E+00  1.39224E+01  8.66594E-02  2.83871E+02  8.71175E+03  
  102  8.97402E-01  1.00051E+01  1.40434E+01  8.92064E-02  2.89932E+02  8.97356E+03  
  103  9.24428E-01  1.00802E+01  1.41661E+01  9.18258E-02  2.96173E+02  9.24336E+03  
  104  9.52352E-01  1.01552E+01  1.42908E+01  9.44997E-02  3.02591E+02  9.52172E+03  
  105  9.81269E-01  1.02308E+01  1.44169E+01  9.72396E-02  3.09175E+02  9.80934E+03  
  106  1.01131E+00  1.03067E+01  1.45458E+01  1.00047E-01  3.15966E+02  1.01072E+04  
  107  1.04265E+00  1.03830E+01  1.46773E+01  1.02949E-01  3.22996E+02  1.04166E+04  
  108  1.07393E+00  1.04615E+01  1.48108E+01  1.05889E-01  3.30229E+02  1.07394E+04  
  109  1.10614E+00  1.05363E+01  1.49428E+01  1.08960E-01  3.37479E+02  1.10616E+04  
  110  1.14046E+00  1.06113E+01  1.50760E+01  1.12163E-01  3.44908E+02  1.13934E+04  
  111  1.17467E+00  1.06893E+01  1.52149E+01  1.15398E-01  3.52747E+02  1.17469E+04  
  112  1.20991E+00  1.07644E+01  1.53561E+01  1.18708E-01  3.60534E+02  1.20993E+04  
  113  1.24621E+00  1.08404E+01  1.55023E+01  1.22084E-01  3.68468E+02  1.24622E+04  
  114  1.28385E+00  1.09135E+01  1.56524E+01  1.25510E-01  3.76748E+02  1.28361E+04  
  115  1.32345E+00  1.09934E+01  1.58004E+01  1.29136E-01  3.85022E+02  1.32238E+04  
  116  1.36315E+00  1.10725E+01  1.59553E+01  1.32836E-01  3.93806E+02  1.36317E+04  
  117  1.40405E+00  1.11505E+01  1.61070E+01  1.36629E-01  4.02529E+02  1.40406E+04  
  118  1.44616E+00  1.12273E+01  1.62614E+01  1.40491E-01  4.11534E+02  1.44619E+04  
  119  1.48982E+00  1.13030E+01  1.64182E+01  1.44438E-01  4.20808E+02  1.48957E+04  
  120  1.53581E+00  1.13848E+01  1.65736E+01  1.48634E-01  4.30119E+02  1.53454E+04  
  121  1.58190E+00  1.14642E+01  1.67376E+01  1.52920E-01  4.40087E+02  1.58191E+04  
  122  1.62933E+00  1.15408E+01  1.68994E+01  1.57257E-01  4.50057E+02  1.62937E+04  
  123  1.67936E+00  1.16220E+01  1.70593E+01  1.61824E-01  4.60050E+02  1.67823E+04  
  124  1.72972E+00  1.17009E+01  1.72281E+01  1.66511E-01  4.70749E+02  1.72976E+04  
  125  1.78163E+00  1.17852E+01  1.73895E+01  1.71115E-01  4.81119E+02  1.78164E+04  
  126  1.83497E+00  1.18642E+01  1.75569E+01  1.76077E-01  4.92029E+02  1.83510E+04  
  127  1.89000E+00  1.19389E+01  1.77290E+01  1.81006E-01  5.03391E+02  1.89005E+04  
  128  1.94671E+00  1.20220E+01  1.78966E+01  1.86068E-01  5.14627E+02  1.94673E+04  
  129  2.00328E+00  1.20996E+01  1.80705E+01  1.91174E-01  5.26436E+02  2.00513E+04  
  130  2.06335E+00  1.21746E+01  1.82409E+01  1.95086E-01  5.38173E+02  2.06341E+04  
  131  2.12685E+00  1.22536E+01  1.84169E+01  2.01159E-01  5.50473E+02  2.12527E+04  
  132  2.19062E+00  1.23293E+01  1.86038E+01  2.06456E-01  5.63704E+02  2.19068E+04  
  133  2.25631E+00  1.24061E+01  1.87855E+01  2.11699E-01  5.76759E+02  2.25636E+04  
  134  2.32401E+00  1.24861E+01  1.89667E+01  2.17169E-01  5.89978E+02  2.32403E+04  
  135  2.39447E+00  1.25653E+01  1.91506E+01  2.22831E-01  6.03592E+02  2.39376E+04  
  136  2.46626E+00  1.26374E+01  1.93448E+01  2.28524E-01  6.18126E+02  2.46634E+04  
  137  2.54025E+00  1.27154E+01  1.95336E+01  2.34270E-01  6.32488E+02  2.54027E+04  
  138  2.61823E+00  1.27894E+01  1.97276E+01  2.40196E-01  6.47452E+02  2.61649E+04  
  139  2.69682E+00  1.28721E+01  1.99229E+01  2.46502E-01  6.62760E+02  2.69681E+04  
  140  2.77768E+00  1.29446E+01  2.01225E+01  2.52728E-01  6.78601E+02  2.77775E+04  
  141  2.86104E+00  1.30226E+01  2.03199E+01  2.59144E-01  6.94504E+02  2.86105E+04  
  142  2.94686E+00  1.31028E+01  2.05183E+01  2.66705E-01  7.10749E+02  2.94691E+04  
  143  3.03659E+00  1.32025E+01  2.07055E+01  2.77668E-01  7.26380E+02  3.03531E+04  
  144  3.12769E+00  1.33313E+01  2.08798E+01  2.90618E-01  7.41253E+02  3.12773E+04  
  145  3.22151E+00  1.34844E+01  2.10398E+01  6.58700E-01  7.55172E+02  3.22156E+04  
  146  3.31862E+00  1.38776E+01  2.10939E+01  4.94272E+00  7.60583E+02  3.31819E+04  
  147  3.41846E+00  1.40156E+01  2.12774E+01  6.06572E+00  7.76638E+02  3.41822E+04  
  148  3.52014E+00  1.43337E+01  2.13884E+01  1.04568E+01  7.86525E+02  3.52106E+04  
  149  3.62300E+00  1.46311E+01  2.15175E+01  1.49556E+01  7.97477E+02  3.62578E+04  
  150  3.73171E+00  1.48925E+01  2.16631E+01  1.91827E+01  8.09811E+02  3.73174E+04  
  151  3.84344E+00  1.51347E+01  2.18151E+01  2.23388E+01  8.22823E+02  3.84370E+04  
  152  3.96108E+00  1.53504E+01  2.19693E+01  2.42963E+01  8.36300E+02  3.95879E+04  
  153  4.07949E+00  1.55616E+01  2.21324E+01  2.61413E+01  8.50793E+02  4.07996E+04  
  154  4.20186E+00  1.57508E+01  2.23022E+01  2.77676E+01  8.66173E+02  4.20193E+04  
  155  4.33128E+00  1.59405E+01  2.24748E+01  2.94298E+01  8.82037E+02  4.32797E+04  
  156  4.46161E+00  1.61340E+01  2.26544E+01  3.11133E+01  8.98790E+02  4.46127E+04  
  157  4.59534E+00  1.63371E+01  2.28253E+01  3.29904E+01  9.14958E+02  4.59552E+04  
  158  4.73486E+00  1.65631E+01  2.29871E+01  3.52383E+01  9.30403E+02  4.73325E+04  
  159  4.87723E+00  1.68370E+01  2.31331E+01  3.82329E+01  9.44448E+02  4.87696E+04  
  160  5.02004E+00  1.71850E+01  2.32452E+01  4.22814E+01  9.55420E+02  5.02361E+04  
  161  5.17048E+00  1.76477E+01  2.33019E+01  4.78665E+01  9.61560E+02  5.17070E+04  
  162  5.32944E+00  1.83039E+01  2.32781E+01  5.51326E+01  9.61016E+02  5.32566E+04  
  163  5.49123E+00  1.93440E+01  2.31016E+01  6.54455E+01  9.47861E+02  5.48939E+04  
  164  5.65068E+00  2.11393E+01  2.26723E+01  8.25736E+01  9.14315E+02  5.65603E+04  
  165  5.82035E+00  2.46022E+01  0.00000E+00  1.74332E+02  9.03180E+02  5.82027E+04  
  166  5.99516E+00  3.23245E+01  0.00000E+00  4.29498E+02  1.00088E+03  5.99504E+04  
  167  6.17553E+00  4.08753E+01  0.00000E+00  8.08295E+02  1.27372E+03  6.17509E+04  
  168  6.36078E+00  4.34993E+01  0.00000E+00  1.06176E+03  1.51227E+03  6.36088E+04  
  169  6.55160E+00  4.35338E+01  0.00000E+00  1.25732E+03  1.72097E+03  6.55168E+04  
  170  6.74717E+00  4.23473E+01  0.00000E+00  1.44525E+03  1.93619E+03  6.74823E+04  
  171  6.94989E+00  4.06325E+01  0.00000E+00  1.64487E+03  2.17181E+03  6.94967E+04  
  172  7.22788E+00  3.77719E+01  0.00000E+00  1.92434E+03  2.51388E+03  7.22797E+04  
  173  7.51700E+00  3.44219E+01  3.87515E+01  2.17678E+03  2.86708E+03  7.51709E+04  
  174  7.81768E+00  3.10455E+01  4.09307E+01  2.43163E+03  3.23026E+03  7.81778E+04  
  175  8.13039E+00  2.81205E+01  4.32199E+01  2.71835E+03  3.64190E+03  8.13049E+04  
  176  8.45560E+00  2.54892E+01  4.55508E+01  3.03059E+03  4.08652E+03  8.45571E+04  
  177  8.79383E+00  2.34439E+01  4.86971E+01  3.52640E+03  4.72145E+03  8.79394E+04  
  178  9.14558E+00  2.15969E+01  5.24072E+01  4.19070E+03  5.53173E+03  9.14569E+04  
  179  9.51140E+00  1.99620E+01  5.72389E+01  5.17723E+03  6.68715E+03  9.51152E+04  
  180  9.89186E+00  1.82588E+01  6.29692E+01  6.49560E+03  8.21490E+03  9.89198E+04  
  181  1.02875E+01  1.65244E+01  6.95230E+01  8.21739E+03  1.01967E+04  1.02877E+05  
  182  1.06990E+01  1.46409E+01  7.69061E+01  1.04006E+04  1.27296E+04  1.06992E+05  
  183  1.11270E+01  1.27288E+01  8.50464E+01  1.31149E+04  1.59098E+04  1.11271E+05  
  184  1.15721E+01  1.08479E+01  9.27980E+01  1.61482E+04  1.95716E+04  1.15722E+05  
  185  1.20350E+01  9.12568E+00  9.96169E+01  1.94889E+04  2.37460E+04  1.20351E+05  
  186  1.25164E+01  7.59520E+00  1.05289E+02  2.26858E+04  2.80505E+04  1.25165E+05  
  187  1.30170E+01  6.39156E+00  1.09372E+02  2.53421E+04  3.20147E+04  1.30172E+05  
  188  1.35377E+01  5.60590E+00  1.09513E+02  2.53013E+04  3.32102E+04  1.35379E+05  
  189  1.40792E+01  5.19369E+00  1.07928E+02  2.40704E+04  3.29202E+04  1.40794E+05  
  190  1.46424E+01  5.01709E+00  1.06815E+02  2.35249E+04  3.30298E+04  1.46425E+05  
  191  1.52281E+01  4.99098E+00  1.06669E+02  2.41271E+04  3.40542E+04  1.52283E+05  
  192  1.58372E+01  5.03457E+00  1.07070E+02  2.55037E+04  3.57376E+04  1.58374E+05  
  193  1.64707E+01  5.13103E+00  1.08031E+02  2.77980E+04  3.82504E+04  1.64709E+05  
  194  1.71295E+01  5.23850E+00  1.08907E+02  3.03822E+04  4.10402E+04  1.71297E+05  
  195  1.78147E+01  5.35663E+00  1.06555E+02  3.33571E+04  4.42768E+04  1.78149E+05  
  196  1.85273E+01  5.48466E+00  1.01273E+02  3.67068E+04  4.78127E+04  1.85275E+05  
  197  1.92684E+01  5.62341E+00  9.58925E+01  4.04673E+04  5.17481E+04  1.92686E+05  
  198  2.00391E+01  5.76004E+00  8.72876E+01  4.45220E+04  5.59872E+04  2.00393E+05  
  199  2.08407E+01  5.89384E+00  8.05909E+01  4.88946E+04  6.05583E+04  2.08409E+05  
  200  2.16743E+01  6.03293E+00  7.69369E+01  5.37818E+04  6.57481E+04  2.16745E+05  
  201  2.25413E+01  6.14213E+00  7.36949E+01  5.89375E+04  7.11793E+04  2.25415E+05  
  202  2.34429E+01  6.25549E+00  7.13418E+01  6.45946E+04  7.71146E+04  2.34432E+05  
  203  2.43806E+01  6.37317E+00  6.95789E+01  7.07972E+04  8.35993E+04  2.43809E+05  
  204  2.53558E+01  6.50499E+00  6.79219E+01  7.76485E+04  9.07169E+04  2.53562E+05  
  205  2.63701E+01  6.64298E+00  6.66029E+01  8.52517E+04  9.85877E+04  2.63704E+05  
  206  2.74249E+01  6.78746E+00  6.52437E+01  9.36759E+04  1.07279E+05  2.74252E+05  
  207  2.85219E+01  6.94930E+00  6.39109E+01  1.02980E+05  1.17008E+05  2.85222E+05  
  208  2.96628E+01  7.11504E+00  6.25872E+01  1.13158E+05  1.27450E+05  2.96631E+05  
  209  3.08493E+01  7.28462E+00  6.10525E+01  1.24287E+05  1.38846E+05  3.08496E+05  
  210  3.20832E+01  7.47633E+00  5.91246E+01  1.36324E+05  1.51113E+05  3.20836E+05  
  211  3.33666E+01  7.66268E+00  5.71922E+01  1.49003E+05  1.64040E+05  3.33670E+05  
  212  3.47012E+01  7.82999E+00  5.50623E+01  1.62225E+05  1.77825E+05  3.47017E+05  
  213  3.60893E+01  7.97914E+00  5.24855E+01  1.76268E+05  1.92214E+05  3.60897E+05  
  214  3.75328E+01  8.13793E+00  4.99692E+01  1.91467E+05  2.07749E+05  3.75333E+05  
  215  3.90342E+01  8.30703E+00  4.77859E+01  2.07919E+05  2.24525E+05  3.90346E+05  
  216  4.05955E+01  8.48719E+00  4.58355E+01  2.25724E+05  2.43017E+05  4.05960E+05  
  217  4.22193E+01  8.67352E+00  4.39819E+01  2.45518E+05  2.63153E+05  4.22199E+05  
  218  4.39081E+01  8.87651E+00  4.25444E+01  2.66931E+05  2.84889E+05  4.39087E+05  
  219  4.56644E+01  9.09757E+00  4.12642E+01  2.90094E+05  3.08828E+05  4.56650E+05  
  220  4.74910E+01  9.32793E+00  4.00962E+01  3.15581E+05  3.34650E+05  4.74916E+05  
  221  4.93907E+01  9.57114E+00  3.90954E+01  3.42931E+05  3.62323E+05  4.93913E+05  
  222  5.13663E+01  9.82578E+00  3.82298E+01  3.71837E+05  3.91540E+05  5.13669E+05  
  223  5.34209E+01  1.00670E+01  3.73716E+01  4.01201E+05  4.21235E+05  5.34216E+05  
  224  5.55578E+01  1.02829E+01  3.65509E+01  4.32557E+05  4.53677E+05  5.55585E+05  
  225  5.77801E+01  1.05190E+01  3.57726E+01  4.66246E+05  4.87783E+05  5.77808E+05  
  226  6.00913E+01  1.07432E+01  3.49946E+01  5.01348E+05  5.23327E+05  6.00920E+05  
  227  6.24949E+01  1.09951E+01  3.42259E+01  5.40054E+05  5.63312E+05  6.24957E+05  
  228  6.49947E+01  1.12644E+01  3.34500E+01  5.81707E+05  6.05427E+05  6.49955E+05  
  229  6.75945E+01  1.15524E+01  3.22597E+01  6.26541E+05  6.50699E+05  6.75954E+05  
  230  7.02983E+01  1.18841E+01  3.09998E+01  6.75399E+05  7.01031E+05  7.02992E+05  
  231  7.31102E+01  1.22347E+01  2.97971E+01  7.27833E+05  7.53954E+05  7.31111E+05  
  232  7.60347E+01  1.26053E+01  2.87260E+01  7.84117E+05  8.11998E+05  7.60356E+05  
  233  7.90760E+01  1.29875E+01  2.77209E+01  8.42082E+05  8.70602E+05  7.90770E+05  
