# No.   M* (M_sun)   R* (R_sun)   Rph (R_sun)  L* (L_sun)  Ltot (L_sun)   t (yr)
    1  1.03896E-02  1.54493E+00  0.00000E+00  1.59602E-02  2.23266E-01  1.03957E+04  
    2  1.08064E-02  1.54602E+00  0.00000E+00  1.59115E-02  2.31234E-01  1.08054E+04  
    3  1.12468E-02  1.55352E+00  0.00000E+00  1.57893E-02  2.38669E-01  1.12388E+04  
    4  1.16955E-02  1.56375E+00  0.00000E+00  1.56288E-02  2.46074E-01  1.16968E+04  
    5  1.21594E-02  1.57753E+00  0.00000E+00  1.54500E-02  2.52996E-01  1.21634E+04  
    6  1.26467E-02  1.58882E+00  0.00000E+00  1.52985E-02  2.60511E-01  1.26459E+04  
    7  1.31445E-02  1.60351E+00  0.00000E+00  1.51387E-02  2.67842E-01  1.31527E+04  
    8  1.36659E-02  1.61709E+00  0.00000E+00  1.50078E-02  2.75452E-01  1.36704E+04  
    9  1.42257E-02  1.62950E+00  0.00000E+00  1.48996E-02  2.83613E-01  1.42127E+04  
   10  1.47947E-02  1.64626E+00  0.00000E+00  1.47908E-02  2.91664E-01  1.47949E+04  
   11  1.53743E-02  1.66240E+00  0.00000E+00  1.47268E-02  2.99879E-01  1.53867E+04  
   12  1.60006E-02  1.67775E+00  0.00000E+00  1.46879E-02  3.08300E-01  1.59894E+04  
   13  1.66414E-02  1.69165E+00  0.00000E+00  1.46712E-02  3.17732E-01  1.66408E+04  
   14  1.73008E-02  1.70576E+00  0.00000E+00  1.46839E-02  3.27276E-01  1.73073E+04  
   15  1.79833E-02  1.71931E+00  0.00000E+00  1.47214E-02  3.37138E-01  1.79931E+04  
   16  1.86953E-02  1.73451E+00  0.00000E+00  1.48000E-02  3.46999E-01  1.87029E+04  
   17  1.94413E-02  1.74269E+00  0.00000E+00  1.48977E-02  3.58627E-01  1.94433E+04  
   18  2.02258E-02  1.74411E+00  0.00000E+00  1.49884E-02  3.72145E-01  2.02192E+04  
   19  2.10534E-02  1.74267E+00  0.00000E+00  1.50857E-02  3.86962E-01  2.10351E+04  
   20  2.18955E-02  1.73988E+00  0.00000E+00  1.51988E-02  4.02910E-01  2.18958E+04  
   21  2.27790E-02  1.73535E+00  0.00000E+00  1.53294E-02  4.19601E-01  2.27716E+04  
   22  2.36704E-02  1.72950E+00  0.00000E+00  1.54691E-02  4.37477E-01  2.36904E+04  
   23  2.45979E-02  1.72237E+00  0.00000E+00  1.56301E-02  4.55966E-01  2.46175E+04  
   24  2.55892E-02  1.71327E+00  0.00000E+00  1.57860E-02  4.75808E-01  2.55821E+04  
   25  2.66057E-02  1.70361E+00  0.00000E+00  1.59726E-02  4.97248E-01  2.66131E+04  
   26  2.76770E-02  1.69251E+00  0.00000E+00  1.61583E-02  5.19834E-01  2.76703E+04  
   27  2.87593E-02  1.68050E+00  0.00000E+00  1.63310E-02  5.44030E-01  2.87844E+04  
   28  2.98869E-02  1.66797E+00  0.00000E+00  1.65315E-02  5.68986E-01  2.99100E+04  
   29  3.10955E-02  1.65462E+00  0.00000E+00  1.67487E-02  5.95495E-01  3.10828E+04  
   30  3.23410E-02  1.64104E+00  0.00000E+00  1.69755E-02  6.24108E-01  3.23397E+04  
   31  3.36620E-02  1.62651E+00  0.00000E+00  1.71829E-02  6.54273E-01  3.36350E+04  
   32  3.50085E-02  1.61202E+00  0.00000E+00  1.73983E-02  6.86472E-01  3.50089E+04  
   33  3.64220E-02  1.59733E+00  0.00000E+00  1.76279E-02  7.19868E-01  3.64092E+04  
   34  3.78470E-02  1.58306E+00  0.00000E+00  1.78588E-02  7.55039E-01  3.78794E+04  
   35  3.93285E-02  1.56895E+00  0.00000E+00  1.81155E-02  7.91024E-01  3.93614E+04  
   36  4.09108E-02  1.55417E+00  0.00000E+00  1.83418E-02  8.29144E-01  4.09022E+04  
   37  4.25330E-02  1.53970E+00  0.00000E+00  1.85797E-02  8.69927E-01  4.25477E+04  
   38  4.42445E-02  1.52529E+00  0.00000E+00  1.88426E-02  9.12315E-01  4.42349E+04  
   39  4.59802E-02  1.51133E+00  0.00000E+00  1.90950E-02  9.57104E-01  4.60148E+04  
   40  4.77949E-02  1.49760E+00  0.00000E+00  1.93690E-02  1.00311E+00  4.78200E+04  
   41  4.97419E-02  1.48332E+00  0.00000E+00  1.96124E-02  1.05203E+00  4.97073E+04  
   42  5.17476E-02  1.46972E+00  0.00000E+00  1.99022E-02  1.10431E+00  5.17322E+04  
   43  5.38670E-02  1.45587E+00  0.00000E+00  2.01548E-02  1.15903E+00  5.38182E+04  
   44  5.60145E-02  1.44272E+00  0.00000E+00  2.04258E-02  1.21675E+00  5.60224E+04  
   45  5.82471E-02  1.42944E+00  0.00000E+00  2.07232E-02  1.27629E+00  5.82558E+04  
   46  6.06185E-02  1.41600E+00  0.00000E+00  2.10409E-02  1.33905E+00  6.05778E+04  
   47  6.30283E-02  1.40289E+00  0.00000E+00  2.13480E-02  1.40583E+00  6.30440E+04  
   48  6.55341E-02  1.38988E+00  0.00000E+00  2.16504E-02  1.47465E+00  6.55502E+04  
   49  6.81939E-02  1.37669E+00  0.00000E+00  2.19823E-02  1.54721E+00  6.81563E+04  
   50  7.08929E-02  1.36380E+00  0.00000E+00  2.23249E-02  1.62447E+00  7.09225E+04  
   51  7.23768E-02  1.35693E+00  0.00000E+00  2.25323E-02  1.66433E+00  7.23117E+04  
   52  7.38242E-02  1.35033E+00  0.00000E+00  2.27288E-02  1.70708E+00  7.38253E+04  
   53  7.52585E-02  1.34402E+00  0.00000E+00  2.29619E-02  1.74907E+00  7.53016E+04  
   54  7.66995E-02  1.33773E+00  0.00000E+00  2.31800E-02  1.79108E+00  7.67646E+04  
   55  7.81658E-02  1.33138E+00  0.00000E+00  2.33800E-02  1.83374E+00  7.82345E+04  
   56  7.96761E-02  1.32504E+00  0.00000E+00  2.36443E-02  1.87743E+00  7.97301E+04  
   57  8.12481E-02  1.31843E+00  0.00000E+00  2.38675E-02  1.92295E+00  8.12706E+04  
   58  8.29006E-02  1.31159E+00  0.00000E+00  2.41431E-02  1.97080E+00  8.28741E+04  
   59  8.45586E-02  1.30482E+00  0.00000E+00  2.44089E-02  2.02096E+00  8.45596E+04  
   60  8.62499E-02  1.29802E+00  0.00000E+00  2.46367E-02  2.07179E+00  8.62509E+04  
   61  8.80010E-02  1.29114E+00  0.00000E+00  2.49181E-02  2.12413E+00  8.79760E+04  
   62  8.98402E-02  1.28409E+00  0.00000E+00  2.52224E-02  2.17883E+00  8.97621E+04  
   63  9.15837E-02  1.27754E+00  0.00000E+00  2.54974E-02  2.23538E+00  9.16381E+04  
   64  9.34151E-02  1.27083E+00  0.00000E+00  2.58016E-02  2.29047E+00  9.34165E+04  
   65  9.52931E-02  1.26409E+00  0.00000E+00  2.60424E-02  2.34830E+00  9.52846E+04  
   66  9.71762E-02  1.25753E+00  0.00000E+00  2.63399E-02  2.40764E+00  9.72002E+04  
   67  9.90292E-02  1.25127E+00  0.00000E+00  2.66324E-02  2.46716E+00  9.91210E+04  
   68  1.01058E-01  1.24459E+00  0.00000E+00  2.69098E-02  2.52731E+00  1.01011E+05  
   69  1.03079E-01  1.23819E+00  0.00000E+00  2.72211E-02  2.59204E+00  1.03081E+05  
   70  1.05150E-01  1.23188E+00  0.00000E+00  2.75014E-02  2.65701E+00  1.05142E+05  
   71  1.07345E-01  1.22550E+00  0.00000E+00  2.78206E-02  2.72413E+00  1.07254E+05  
   72  1.09519E-01  1.21960E+00  0.00000E+00  2.81449E-02  2.79405E+00  1.09493E+05  
   73  1.11809E-01  1.21376E+00  0.00000E+00  2.84608E-02  2.86396E+00  1.11711E+05  
   74  1.14144E-01  1.20841E+00  0.00000E+00  2.87332E-02  2.93634E+00  1.14047E+05  
   75  1.16502E-01  1.20371E+00  0.00000E+00  2.90186E-02  3.00893E+00  1.16428E+05  
   76  1.18921E-01  1.19970E+00  0.00000E+00  2.93129E-02  3.08095E+00  1.18833E+05  
   77  1.21254E-01  1.19704E+00  0.00000E+00  2.95286E-02  3.15146E+00  1.21300E+05  
   78  1.23690E-01  1.19518E+00  0.00000E+00  2.97951E-02  3.21793E+00  1.23681E+05  
   79  1.26159E-01  1.19490E+00  0.00000E+00  2.99231E-02  3.28288E+00  1.26166E+05  
   80  1.28619E-01  1.19663E+00  0.00000E+00  3.00631E-02  3.34314E+00  1.28684E+05  
   81  1.32372E-01  1.21929E+00  0.00000E+00  3.01985E-02  3.37758E+00  1.32479E+05  
   82  1.36351E-01  1.23843E+00  0.00000E+00  3.02454E-02  3.42209E+00  1.36345E+05  
   83  1.40372E-01  1.26064E+00  0.00000E+00  3.02761E-02  3.46252E+00  1.40443E+05  
   84  1.44560E-01  1.28712E+00  0.00000E+00  3.03858E-02  3.49116E+00  1.44585E+05  
   85  1.48839E-01  1.31665E+00  0.00000E+00  3.06319E-02  3.51469E+00  1.48898E+05  
   86  1.53411E-01  1.34921E+00  0.00000E+00  3.10089E-02  3.53165E+00  1.53306E+05  
   87  1.57945E-01  1.38355E+00  0.00000E+00  3.16422E-02  3.55025E+00  1.58015E+05  
   88  1.62659E-01  1.41833E+00  0.00000E+00  3.26436E-02  3.56643E+00  1.62685E+05  
   89  1.67432E-01  1.45521E+00  0.00000E+00  3.44988E-02  3.58152E+00  1.67541E+05  
   90  1.72457E-01  1.49016E+00  0.00000E+00  3.71833E-02  3.60264E+00  1.72457E+05  
   91  1.77753E-01  1.52672E+00  0.00000E+00  4.11080E-02  3.62564E+00  1.77633E+05  
   92  1.83063E-01  1.56367E+00  0.00000E+00  4.59190E-02  3.65322E+00  1.83088E+05  
   93  1.88649E-01  1.60224E+00  0.00000E+00  5.19747E-02  3.67760E+00  1.88557E+05  
   94  1.94459E-01  1.64206E+00  0.00000E+00  5.90438E-02  3.70469E+00  1.94311E+05  
   95  2.00237E-01  1.68394E+00  0.00000E+00  6.75148E-02  3.73198E+00  2.00295E+05  
   96  2.06224E-01  1.72299E+00  0.00000E+00  7.65265E-02  3.76435E+00  2.06247E+05  
   97  2.12437E-01  1.76309E+00  0.00000E+00  8.70230E-02  3.79872E+00  2.12413E+05  
   98  2.18831E-01  1.80386E+00  0.00000E+00  9.86858E-02  3.83582E+00  2.18813E+05  
   99  2.25496E-01  1.84571E+00  0.00000E+00  1.11794E-01  3.87411E+00  2.25398E+05  
  100  2.32356E-01  1.89161E+00  0.00000E+00  1.26470E-01  3.90930E+00  2.32264E+05  
  101  2.39244E-01  1.93881E+00  0.00000E+00  1.42463E-01  3.94548E+00  2.39329E+05  
  102  2.46476E-01  1.98329E+00  0.00000E+00  1.59294E-01  3.98723E+00  2.46424E+05  
  103  2.53905E-01  2.02801E+00  0.00000E+00  1.76286E-01  4.03299E+00  2.53874E+05  
  104  2.61721E-01  2.07404E+00  0.00000E+00  1.95218E-01  4.07999E+00  2.61526E+05  
  105  2.69572E-01  2.12046E+00  0.00000E+00  2.16308E-01  4.13300E+00  2.69576E+05  
  106  2.77530E-01  2.16675E+00  0.00000E+00  2.39734E-01  4.18772E+00  2.77662E+05  
  107  2.85918E-01  2.21264E+00  0.00000E+00  2.65843E-01  4.24609E+00  2.85859E+05  
  108  2.94408E-01  2.25729E+00  0.00000E+00  2.93987E-01  4.31341E+00  2.94499E+05  
  109  3.03367E-01  2.29947E+00  0.00000E+00  3.23745E-01  4.38661E+00  3.03244E+05  
  110  3.12416E-01  2.34190E+00  0.00000E+00  3.55903E-01  4.46653E+00  3.12471E+05  
  111  3.21810E-01  2.38214E+00  0.00000E+00  3.89676E-01  4.55143E+00  3.21793E+05  
  112  3.31478E-01  2.42121E+00  0.00000E+00  4.25223E-01  4.64294E+00  3.31469E+05  
  113  3.41698E-01  2.45959E+00  0.00000E+00  4.63431E-01  4.74007E+00  3.41426E+05  
  114  3.51980E-01  2.49528E+00  0.00000E+00  5.02245E-01  4.84767E+00  3.51953E+05  
  115  3.62451E-01  2.52671E+00  0.00000E+00  5.40479E-01  4.96099E+00  3.62543E+05  
  116  3.73215E-01  2.55556E+00  0.00000E+00  5.79152E-01  5.07978E+00  3.73329E+05  
  117  3.84532E-01  2.58230E+00  0.00000E+00  6.18780E-01  5.20508E+00  3.84416E+05  
  118  3.95965E-01  2.60519E+00  0.00000E+00  6.56208E-01  5.34006E+00  3.96072E+05  
  119  4.07597E-01  2.62252E+00  0.00000E+00  6.89837E-01  5.48107E+00  4.07848E+05  
  120  4.19639E-01  2.63240E+00  0.00000E+00  7.18850E-01  5.63233E+00  4.19830E+05  
  121  4.28079E-01  2.63755E+00  0.00000E+00  7.38153E-01  5.73790E+00  4.28037E+05  
  122  4.36630E-01  2.64482E+00  0.00000E+00  7.59430E-01  5.84572E+00  4.36646E+05  
  123  4.45348E-01  2.65248E+00  0.00000E+00  7.81569E-01  5.95447E+00  4.45369E+05  
  124  4.54100E-01  2.65794E+00  0.00000E+00  8.02004E-01  6.06736E+00  4.54261E+05  
  125  4.63089E-01  2.66171E+00  0.00000E+00  8.21522E-01  6.18273E+00  4.63187E+05  
  126  4.72365E-01  2.66343E+00  0.00000E+00  8.39733E-01  6.30355E+00  4.72356E+05  
  127  4.82150E-01  2.66330E+00  0.00000E+00  8.57191E-01  6.43073E+00  4.81819E+05  
  128  4.91866E-01  2.66289E+00  0.00000E+00  8.74196E-01  6.56406E+00  4.91799E+05  
  129  5.01393E-01  2.66257E+00  0.00000E+00  8.90820E-01  6.69604E+00  5.01709E+05  
  130  5.11106E-01  2.66113E+00  0.00000E+00  9.06618E-01  6.82749E+00  5.11427E+05  
  131  5.21384E-01  2.65815E+00  0.00000E+00  9.21867E-01  6.96420E+00  5.21334E+05  
  132  5.32077E-01  2.65453E+00  0.00000E+00  9.36971E-01  7.10920E+00  5.31818E+05  
  133  5.43131E-01  2.65038E+00  0.00000E+00  9.52022E-01  7.26072E+00  5.42725E+05  
  134  5.54336E-01  2.64630E+00  0.00000E+00  9.67304E-01  7.41700E+00  5.54001E+05  
  135  5.65866E-01  2.64192E+00  0.00000E+00  9.82659E-01  7.57632E+00  5.65430E+05  
  136  5.76948E-01  2.63859E+00  0.00000E+00  9.97872E-01  7.73717E+00  5.77191E+05  
  137  5.89071E-01  2.63362E+00  0.00000E+00  1.01283E+00  7.89707E+00  5.88494E+05  
  138  6.00712E-01  2.62826E+00  0.00000E+00  1.02702E+00  8.07025E+00  6.00860E+05  
  139  6.12887E-01  2.62198E+00  0.00000E+00  1.04072E+00  8.24033E+00  6.12733E+05  
  140  6.25141E-01  2.61565E+00  0.00000E+00  1.05509E+00  8.41842E+00  6.25152E+05  
  141  6.37064E-01  2.60965E+00  0.00000E+00  1.06645E+00  8.59425E+00  6.37651E+05  
  142  6.49511E-01  2.60094E+00  0.00000E+00  1.07553E+00  8.77260E+00  6.49814E+05  
  143  6.62598E-01  2.58894E+00  0.00000E+00  1.07987E+00  8.96371E+00  6.62509E+05  
  144  6.76216E-01  2.57523E+00  0.00000E+00  1.08128E+00  9.16679E+00  6.75859E+05  
  145  6.90281E-01  2.55928E+00  0.00000E+00  1.07767E+00  9.38078E+00  6.89749E+05  
  146  7.04149E-01  2.56635E+00  0.00000E+00  1.11305E+00  9.56551E+00  7.04095E+05  
  147  7.18224E-01  2.55663E+00  0.00000E+00  1.11824E+00  9.77327E+00  7.18241E+05  
  148  7.32602E-01  2.54361E+00  0.00000E+00  1.11643E+00  9.98969E+00  7.32598E+05  
  149  7.47378E-01  2.54524E+00  0.00000E+00  1.14177E+00  1.01869E+01  7.47263E+05  
  150  7.65051E-01  2.53456E+00  0.00000E+00  1.14683E+00  1.04132E+01  7.62335E+05  
  151  7.79744E-01  2.52625E+00  0.00000E+00  1.14682E+00  1.06635E+01  7.80362E+05  
  152  7.95194E-01  2.51267E+00  0.00000E+00  1.13411E+00  1.08860E+01  7.95348E+05  
  153  8.11165E-01  2.51646E+00  0.00000E+00  1.15537E+00  1.10855E+01  8.11108E+05  
  154  8.26657E-01  2.50635E+00  0.00000E+00  1.13323E+00  1.13037E+01  8.27398E+05  
  155  8.42926E-01  2.49286E+00  0.00000E+00  1.09903E+00  1.15198E+01  8.43200E+05  
  156  8.62945E-01  2.49846E+00  0.00000E+00  1.12265E+00  1.17247E+01  8.59796E+05  
  157  8.80228E-01  2.48274E+00  0.00000E+00  1.06823E+00  1.19908E+01  8.80215E+05  
  158  8.97822E-01  2.48814E+00  0.00000E+00  1.08422E+00  1.22014E+01  8.97844E+05  
  159  9.15776E-01  2.47874E+00  0.00000E+00  1.05200E+00  1.24343E+01  9.15790E+05  
  160  9.35013E-01  2.46813E+00  0.00000E+00  1.01457E+00  1.26745E+01  9.34103E+05  
  161  9.53996E-01  2.45811E+00  0.00000E+00  9.74757E-01  1.29281E+01  9.53725E+05  
  162  9.73079E-01  2.47859E+00  0.00000E+00  1.03707E+00  1.31323E+01  9.73088E+05  
  163  9.91798E-01  2.47163E+00  0.00000E+00  1.00294E+00  1.33749E+01  9.92553E+05  
  164  1.01264E+00  2.46282E+00  0.00000E+00  9.63118E-01  1.36181E+01  1.01165E+06  
  165  1.03282E+00  2.45492E+00  0.00000E+00  9.19990E-01  1.38825E+01  1.03290E+06  
  166  1.05279E+00  2.47782E+00  0.00000E+00  9.90677E-01  1.40894E+01  1.05349E+06  
  167  1.07444E+00  2.48098E+00  0.00000E+00  9.89679E-01  1.43246E+01  1.07386E+06  
  168  1.09606E+00  2.48446E+00  0.00000E+00  9.85645E-01  1.45758E+01  1.09594E+06  
  169  1.11802E+00  2.48827E+00  0.00000E+00  9.81908E-01  1.48242E+01  1.11799E+06  
  170  1.14070E+00  2.49245E+00  0.00000E+00  9.80476E-01  1.50765E+01  1.14039E+06  
  171  1.16451E+00  2.49722E+00  0.00000E+00  9.79650E-01  1.53341E+01  1.16353E+06  
  172  1.18894E+00  2.50301E+00  0.00000E+00  9.79206E-01  1.55994E+01  1.18781E+06  
  173  1.21347E+00  2.51018E+00  0.00000E+00  9.83690E-01  1.58679E+01  1.21273E+06  
  174  1.23757E+00  2.51842E+00  0.00000E+00  9.92543E-01  1.61342E+01  1.23776E+06  
  175  1.26186E+00  2.52758E+00  0.00000E+00  1.00647E+00  1.63929E+01  1.26234E+06  
  176  1.28698E+00  2.53839E+00  0.00000E+00  1.02537E+00  1.66470E+01  1.28712E+06  
  177  1.31352E+00  2.55034E+00  0.00000E+00  1.04811E+00  1.69060E+01  1.31273E+06  
  178  1.34111E+00  2.56410E+00  0.00000E+00  1.07581E+00  1.71739E+01  1.33981E+06  
  179  1.36918E+00  2.57922E+00  0.00000E+00  1.10884E+00  1.74487E+01  1.36794E+06  
  180  1.39729E+00  2.59623E+00  0.00000E+00  1.14756E+00  1.77202E+01  1.39658E+06  
  181  1.42488E+00  2.61454E+00  0.00000E+00  1.19316E+00  1.79876E+01  1.42525E+06  
  182  1.45276E+00  2.63374E+00  0.00000E+00  1.24525E+00  1.82464E+01  1.45340E+06  
  183  1.48168E+00  2.65405E+00  0.00000E+00  1.30262E+00  1.85038E+01  1.48183E+06  
  184  1.51254E+00  2.67607E+00  0.00000E+00  1.37059E+00  1.87698E+01  1.51133E+06  
  185  1.54278E+00  2.70028E+00  0.00000E+00  1.44702E+00  1.90493E+01  1.54281E+06  
  186  1.57363E+00  2.72609E+00  0.00000E+00  1.53591E+00  1.93202E+01  1.57366E+06  
  187  1.60634E+00  2.75419E+00  0.00000E+00  1.63845E+00  1.95933E+01  1.60512E+06  
  188  1.63846E+00  2.78453E+00  0.00000E+00  1.75450E+00  1.98828E+01  1.63848E+06  
  189  1.67123E+00  2.81706E+00  0.00000E+00  1.89273E+00  2.01701E+01  1.67125E+06  
  190  1.70603E+00  2.85254E+00  0.00000E+00  2.05513E+00  2.04661E+01  1.70468E+06  
  191  1.74014E+00  2.89037E+00  0.00000E+00  2.23396E+00  2.07823E+01  1.74017E+06  
  192  1.77494E+00  2.92982E+00  0.00000E+00  2.43908E+00  2.11036E+01  1.77497E+06  
  193  1.81191E+00  2.97199E+00  0.00000E+00  2.67520E+00  2.14429E+01  1.81046E+06  
  194  1.84813E+00  3.01654E+00  0.00000E+00  2.93319E+00  2.18087E+01  1.84817E+06  
  195  1.88509E+00  3.06529E+00  0.00000E+00  3.22017E+00  2.21669E+01  1.88512E+06  
  196  1.92439E+00  3.11990E+00  0.00000E+00  3.55785E+00  2.25452E+01  1.92281E+06  
  197  1.96286E+00  3.17986E+00  0.00000E+00  3.94741E+00  2.29650E+01  1.96290E+06  
  198  2.00210E+00  3.24419E+00  0.00000E+00  4.39480E+00  2.34080E+01  2.00214E+06  
  199  2.04133E+00  3.31540E+00  0.00000E+00  4.92665E+00  2.39035E+01  2.04217E+06  
  200  2.08152E+00  3.39678E+00  0.00000E+00  5.57513E+00  2.44602E+01  2.08218E+06  
  201  2.12376E+00  3.49369E+00  0.00000E+00  6.41862E+00  2.51414E+01  2.12318E+06  
  202  2.16619E+00  3.60859E+00  0.00000E+00  7.48288E+00  2.59773E+01  2.16626E+06  
  203  2.20730E+00  3.74874E+00  0.00000E+00  8.77133E+00  2.69300E+01  2.20954E+06  
  204  2.25147E+00  3.94642E+00  0.00000E+00  1.05794E+01  2.81558E+01  2.25147E+06  
  205  2.29634E+00  4.25245E+00  0.00000E+00  1.34529E+01  3.00908E+01  2.29653E+06  
  206  2.34220E+00  4.65488E+00  0.00000E+00  1.75845E+01  3.30869E+01  2.34230E+06  
  207  2.38889E+00  5.00515E+00  0.00000E+00  2.19734E+01  3.66789E+01  2.38908E+06  
  208  2.43680E+00  5.27239E+00  0.00000E+00  2.60617E+01  4.03001E+01  2.43670E+06  
  209  2.48686E+00  5.48028E+00  0.00000E+00  3.02854E+01  4.42584E+01  2.48557E+06  
  210  2.53673E+00  5.62075E+00  0.00000E+00  3.45361E+01  4.84398E+01  2.53663E+06  
  211  2.58749E+00  5.73161E+00  0.00000E+00  3.93852E+01  5.32934E+01  2.58750E+06  
  212  2.63925E+00  5.76375E+00  0.00000E+00  4.49403E+01  5.90477E+01  2.63927E+06  
  213  2.69205E+00  5.71714E+00  0.00000E+00  5.14190E+01  6.59258E+01  2.69206E+06  
  214  2.74590E+00  5.58093E+00  0.00000E+00  5.90041E+01  7.41624E+01  2.74593E+06  
  215  2.80079E+00  5.39690E+00  0.00000E+00  6.81402E+01  8.41289E+01  2.80085E+06  
  216  2.85678E+00  5.17611E+00  0.00000E+00  7.92632E+01  9.62671E+01  2.85684E+06  
  217  2.91389E+00  4.91882E+00  0.00000E+00  9.28863E+01  1.11137E+02  2.91395E+06  
  218  2.97205E+00  4.63465E+00  0.00000E+00  1.09714E+02  1.29472E+02  2.97220E+06  
  219  3.03132E+00  4.32379E+00  0.00000E+00  1.30567E+02  1.52168E+02  3.03153E+06  
  220  3.09166E+00  3.98654E+00  0.00000E+00  1.56067E+02  1.79962E+02  3.09199E+06  
  221  3.15332E+00  3.62642E+00  0.00000E+00  1.86283E+02  2.13074E+02  3.15353E+06  
  222  3.21639E+00  3.25290E+00  0.00000E+00  2.19391E+02  2.49854E+02  3.21642E+06  
  223  3.28115E+00  2.88854E+00  0.00000E+00  2.48639E+02  2.83630E+02  3.28076E+06  
  224  3.41240E+00  2.42989E+00  0.00000E+00  2.35296E+02  2.78562E+02  3.41244E+06  
  225  3.54889E+00  2.25211E+00  0.00000E+00  2.08717E+02  2.57266E+02  3.54894E+06  
  226  3.69085E+00  2.22674E+00  0.00000E+00  2.09696E+02  2.60762E+02  3.69089E+06  
  227  3.83848E+00  2.25720E+00  0.00000E+00  2.29088E+02  2.81480E+02  3.83853E+06  
  228  3.99202E+00  2.30314E+00  0.00000E+00  2.58016E+02  3.11416E+02  3.99207E+06  
  229  4.15170E+00  2.35331E+00  0.00000E+00  2.92798E+02  3.47151E+02  4.15175E+06  
  230  4.31777E+00  2.40523E+00  0.00000E+00  3.32942E+02  3.88248E+02  4.31782E+06  
  231  4.49048E+00  2.45942E+00  0.00000E+00  3.78464E+02  4.34715E+02  4.49054E+06  
  232  4.67010E+00  2.51600E+00  0.00000E+00  4.29887E+02  4.87072E+02  4.67016E+06  
  233  4.85691E+00  2.57523E+00  0.00000E+00  4.89512E+02  5.47617E+02  4.85697E+06  
  234  5.05118E+00  2.63421E+00  0.00000E+00  5.59704E+02  6.18781E+02  5.05124E+06  
  235  5.25323E+00  2.68542E+00  0.00000E+00  6.34419E+02  6.94687E+02  5.25329E+06  
  236  5.46336E+00  2.74092E+00  0.00000E+00  7.23360E+02  7.84769E+02  5.46343E+06  
  237  5.68189E+00  2.79959E+00  0.00000E+00  8.24598E+02  8.87125E+02  5.68196E+06  
  238  5.90917E+00  2.86164E+00  0.00000E+00  9.39337E+02  1.00296E+03  5.90924E+06  
  239  6.14554E+00  2.92675E+00  0.00000E+00  1.07381E+03  1.13850E+03  6.14561E+06  
  240  6.39136E+00  2.99441E+00  0.00000E+00  1.22819E+03  1.29395E+03  6.39144E+06  
  241  6.64701E+00  3.06469E+00  0.00000E+00  1.40447E+03  1.47129E+03  6.64709E+06  
  242  6.91289E+00  3.13788E+00  0.00000E+00  1.60224E+03  1.67011E+03  6.91298E+06  
  243  7.18941E+00  3.21458E+00  0.00000E+00  1.82744E+03  1.89635E+03  7.18950E+06  
  244  7.47698E+00  3.29420E+00  0.00000E+00  2.08521E+03  2.15514E+03  7.47708E+06  
  245  7.77606E+00  3.37524E+00  0.00000E+00  2.36960E+03  2.44058E+03  7.77616E+06  
  246  8.08711E+00  3.44802E+00  0.00000E+00  2.68516E+03  2.75742E+03  8.08721E+06  
  247  8.41059E+00  3.51272E+00  0.00000E+00  3.03903E+03  3.11280E+03  8.41069E+06  
  248  8.74701E+00  3.58089E+00  0.00000E+00  3.43380E+03  3.50906E+03  8.74712E+06  
  249  9.09689E+00  3.65441E+00  0.00000E+00  3.88632E+03  3.96302E+03  9.09701E+06  
  250  9.46077E+00  3.73371E+00  0.00000E+00  4.40233E+03  4.48039E+03  9.46089E+06  
