      -14.000000       3.3840000   1.0000000e-07       2.0000000       2.4350000
      -13.986000       3.3840000   1.0666000e-07       2.0000000       2.4350000
      -13.972000       3.3840000   1.1376300e-07       2.0000000       2.4350000
      -13.958000       3.3840000   1.2133900e-07       2.0000000       2.4350000
      -13.944000       3.3840000   1.2941900e-07       2.0000000       2.4350000
      -13.930000       3.3840000   1.3803800e-07       2.0000000       2.4350000
      -13.916000       3.3840000   1.4723100e-07       2.0000000       2.4350000
      -13.902000       3.3840000   1.5703600e-07       2.0000000       2.4350000
      -13.888000       3.3840000   1.6749500e-07       2.0000000       2.4350000
      -13.874000       3.3840000   1.7864900e-07       2.0000000       2.4350000
      -13.860000       3.3840000   1.9054600e-07       2.0000000       2.4350000
      -13.846000       3.3840000   2.0323600e-07       2.0000000       2.4350000
      -13.832000       3.3840000   2.1677100e-07       2.0000000       2.4350000
      -13.818000       3.3840000   2.3120700e-07       2.0000000       2.4350000
      -13.804000       3.3840000   2.4660400e-07       2.0000000       2.4350000
      -13.790000       3.3840000   2.6302700e-07       2.0000000       2.4350000
      -13.776000       3.3840000   2.8054300e-07       2.0000000       2.4350000
      -13.762000       3.3840000   2.9922600e-07       2.0000000       2.4350000
      -13.748000       3.3840000   3.1915400e-07       2.0000000       2.4350000
      -13.734000       3.3840000   3.4040800e-07       2.0000000       2.4350000
      -13.720000       3.3840000   3.6307800e-07       2.0000000       2.4350000
      -13.706000       3.3840000   3.8725700e-07       2.0000000       2.4350000
      -13.692000       3.3840000   4.1304700e-07       2.0000000       2.4350000
      -13.678000       3.3840000   4.4055400e-07       2.0000000       2.4350000
      -13.664000       3.3840000   4.6989500e-07       2.0000000       2.4350000
      -13.650000       3.3840000   5.0118800e-07       2.0000000       2.4350000
      -13.636000       3.3840000   5.3456500e-07       2.0000000       2.4350000
      -13.622000       3.3840000   5.7016500e-07       2.0000000       2.4350000
      -13.608000       3.3840000   6.0813600e-07       2.0000000       2.4350000
      -13.594000       3.3840000   6.4863500e-07       2.0000000       2.4350000
      -13.580000       3.3840000   6.9183100e-07       2.0000000       2.4350000
      -13.566000       3.3840000   7.3790400e-07       2.0000000       2.4350000
      -13.552000       3.3840000   7.8704600e-07       2.0000000       2.4350000
      -13.538000       3.3840000   8.3946000e-07       2.0000000       2.4350000
      -13.524000       3.3840000   8.9536400e-07       2.0000000       2.4350000
      -13.510000       3.3840000   9.5499100e-07       2.0000000       2.4350000
      -13.496000       3.3840000   1.0185900e-06       2.0000000       2.4350000
      -13.482000       3.3840000   1.0864200e-06       2.0000000       2.4350000
      -13.468000       3.3840000   1.1587800e-06       2.0000000       2.4350000
      -13.454000       3.3840000   1.2359400e-06       2.0000000       2.4350000
      -13.440000       3.3840000   1.3182600e-06       2.0000000       2.4350000
      -13.426000       3.3840000   1.4060500e-06       2.0000000       2.4350000
      -13.412000       3.3840000   1.4996900e-06       2.0000000       2.4350000
      -13.398000       3.3840000   1.5995600e-06       2.0000000       2.4350000
      -13.384000       3.3840000   1.7060800e-06       2.0000000       2.4350000
      -13.370000       3.3840000   1.8197000e-06       2.0000000       2.4350000
      -13.356000       3.3840000   1.9408900e-06       2.0000000       2.4350000
      -13.342000       3.3840000   2.0701400e-06       2.0000000       2.4350000
      -13.328000       3.3840000   2.2080000e-06       2.0000000       2.4350000
      -13.314000       3.3840000   2.3550500e-06       2.0000000       2.4350000
      -13.300000       3.3840000   2.5118800e-06       2.0000000       2.4350000
      -13.286000       3.3840000   2.6791700e-06       2.0000000       2.4350000
      -13.272000       3.3840000   2.8575900e-06       2.0000000       2.4350000
      -13.258000       3.3840000   3.0478900e-06       2.0000000       2.4350000
      -13.244000       3.3840000   3.2508700e-06       2.0000000       2.4350000
      -13.230000       3.3840000   3.4673800e-06       2.0000000       2.4350000
      -13.216000       3.3840000   3.6982900e-06       2.0000000       2.4350000
      -13.202000       3.3840000   3.9445800e-06       2.0000000       2.4350000
      -13.188000       3.3840000   4.2072700e-06       2.0000000       2.4350000
      -13.174000       3.3840000   4.4874600e-06       2.0400000       2.4400700
      -13.160000       3.3840000   4.7863000e-06       2.0400000       2.4676200
      -13.146000       3.3840000   5.1050500e-06       2.0400000       2.4954800
      -13.132000       3.3840000   5.4450300e-06       2.0400000       2.5236600
      -13.118000       3.3840000   5.8076400e-06       2.0400000       2.5521600
      -13.104000       3.3840000   6.1944100e-06       2.0400000       2.5809800
      -13.090000       3.3840000   6.6069300e-06       2.0400000       2.6101200
      -13.076000       3.3840000   7.0469200e-06       2.0400000       2.6395900
      -13.062000       3.3840000   7.5162200e-06       2.0400000       2.6694000
      -13.048000       3.3840000   8.0167700e-06       2.0400000       2.6995400
      -13.034000       3.3840000   8.5506500e-06       2.0400000       2.7300200
      -13.020000       3.3840000   9.1200900e-06       2.0400000       2.7608500
      -13.006000       3.3840000   9.7274900e-06       2.0400000       2.7920200
      -12.992000       3.3840000   1.0088300e-05       2.0400000       2.8054900
      -12.978000       3.3840000   1.0244600e-05       2.0400000       2.8054900
      -12.964000       3.3840000   1.0403400e-05       2.0400000       2.8054900
      -12.950000       3.3840000   1.0564700e-05       2.0400000       2.8054900
      -12.936000       3.3840000   1.0728400e-05       2.0400000       2.8054900
      -12.922000       3.3840000   1.0894700e-05       2.0400000       2.8054900
      -12.908000       3.3840000   1.1063600e-05       2.0400000       2.8054900
      -12.894000       3.3840000   1.1235000e-05       2.0400000       2.8054900
      -12.880000       3.3840000   1.1409200e-05       2.0400000       2.8054900
      -12.866000       3.3840000   1.1586000e-05       2.0400000       2.8054900
      -12.852000       3.3840000   1.1765600e-05       2.0400000       2.8054900
      -12.838000       3.3840000   1.1948000e-05       2.0400000       2.8054900
      -12.824000       3.3840000   1.2133100e-05       2.0400000       2.8054900
      -12.810000       3.3840000   1.2321200e-05       2.0400000       2.8054900
      -12.796000       3.3840000   1.2512200e-05       2.0400000       2.8054900
      -12.782000       3.3840000   1.2706100e-05       2.0400000       2.8054900
      -12.768000       3.3840000   1.2903000e-05       2.0400000       2.8054900
      -12.754000       3.3840000   1.3103000e-05       2.0400000       2.8054900
      -12.740000       3.3840000   1.3306100e-05       2.0400000       2.8054900
      -12.726000       3.3840000   1.3512400e-05       2.0400000       2.8054900
      -12.712000       3.3840000   1.3721800e-05       2.0400000       2.8054900
      -12.698000       3.3840000   1.3934500e-05       2.0400000       2.8054900
      -12.684000       3.3840000   1.4150500e-05       2.0400000       2.8054900
      -12.670000       3.3840000   1.4369800e-05       2.0400000       2.8054900
      -12.656000       3.3840000   1.4592500e-05       2.0400000       2.8054900
      -12.642000       3.3840000   1.4818700e-05       2.0400000       2.8054900
      -12.628000       3.3840000   1.5048400e-05       2.0400000       2.8054900
      -12.614000       3.3840000   1.5281600e-05       2.0400000       2.8054900
      -12.600000       3.3840000   1.5518400e-05       2.0400000       2.8054900
      -12.586000       3.3840000   1.5759000e-05       2.0400000       2.8054900
      -12.572000       3.3840000   1.6003200e-05       2.0400000       2.8054900
      -12.558000       3.3840000   1.6251300e-05       2.0400000       2.8054900
      -12.544000       3.3840000   1.6503200e-05       2.0400000       2.8054900
      -12.530000       3.3840000   1.6759000e-05       2.0400000       2.8054900
      -12.516000       3.3840000   1.7018700e-05       2.0400000       2.8054900
      -12.502000       3.3840000   1.7282500e-05       2.0400000       2.8054900
      -12.488000       3.3840000   1.7550400e-05       2.0400000       2.8054900
      -12.474000       3.3840000   1.7822400e-05       2.0400000       2.8054900
      -12.460000       3.3840000   1.8098600e-05       2.0400000       2.8054900
      -12.446000       3.3840000   1.8379100e-05       2.0400000       2.8054900
      -12.432000       3.3840000   1.8664000e-05       2.0400000       2.8054900
      -12.418000       3.3840000   1.8953300e-05       2.0400000       2.8054900
      -12.404000       3.3840000   1.9247000e-05       2.0400000       2.8054900
      -12.390000       3.3840000   1.9545400e-05       2.0400000       2.8054900
      -12.376000       3.3840000   1.9848300e-05       2.0400000       2.8054900
      -12.362000       3.3840000   2.0155900e-05       2.0400000       2.8054900
      -12.348000       3.3840000   2.0468400e-05       2.0400000       2.8054900
      -12.334000       3.3840000   2.0785600e-05       2.0400000       2.8054900
      -12.320000       3.3840000   2.1107800e-05       2.0400000       2.8054900
      -12.306000       3.3840000   2.1434900e-05       2.0400000       2.8054900
      -12.292000       3.3840000   2.1767200e-05       2.0440000       2.8063700
      -12.278000       3.3840000   2.2104500e-05       2.0440000       2.8082300
      -12.264000       3.3840000   2.2447200e-05       2.0440000       2.8101000
      -12.250000       3.3840000   2.2795100e-05       2.0440000       2.8119600
      -12.236000       3.3840000   2.3148400e-05       2.0440000       2.8138300
      -12.222000       3.3840000   2.3507200e-05       2.0440000       2.8157000
      -12.208000       3.3840000   2.3871500e-05       2.0440000       2.8175700
      -12.194000       3.3840000   2.4241500e-05       2.0760000       2.8195900
      -12.180000       3.3840000   2.4617200e-05       2.0760000       2.8446100
      -12.166000       3.3840000   2.4998800e-05       2.0760000       2.8698600
      -12.152000       3.3840000   2.5386300e-05       2.0760000       2.8953300
      -12.138000       3.3840000   2.5779800e-05       2.0760000       2.9210300
      -12.124000       3.3840000   2.6179300e-05       2.0760000       2.9469500
      -12.110000       3.3840000   2.6585100e-05       2.0760000       2.9731000
      -12.096000       3.3840000   2.6997100e-05       2.0760000       2.9994900
      -12.082000       3.3840000   2.7415600e-05       2.0760000       3.0261100
      -12.068000       3.3840000   2.7840500e-05       2.0800000       3.0544100
      -12.054000       3.3840000   2.8272000e-05       2.0800000       3.0842600
      -12.040000       3.3840000   2.8710200e-05       2.0800000       3.1144000
      -12.026000       3.3840000   2.9155200e-05       2.0800000       3.1448400
      -12.012000       3.3840000   2.9607100e-05       2.0800000       3.1755800
      -11.998000       3.4000000   3.0092600e-05       2.0800000       3.2022200
      -11.984000       3.4000000   3.0748600e-05       2.0800000       3.2026400
      -11.970000       3.4000000   3.1418900e-05       2.0800000       3.2030600
      -11.956000       3.4000000   3.2103900e-05       2.0800000       3.2034700
      -11.942000       3.4000000   3.2803700e-05       2.0800000       3.2038900
      -11.928000       3.4000000   3.3518900e-05       2.0800000       3.2043100
      -11.914000       3.4000000   3.4249600e-05       2.0800000       3.2047300
      -11.900000       3.4000000   3.4996300e-05       2.0800000       3.2051400
      -11.886000       3.4000000   3.5759200e-05       2.0800000       3.2055600
      -11.872000       3.4000000   3.6538800e-05       2.0800000       3.2059800
      -11.858000       3.4000000   3.7335400e-05       2.0800000       3.2064000
      -11.844000       3.4000000   3.8149300e-05       2.0800000       3.2068100
      -11.830000       3.4000000   3.8981000e-05       2.0800000       3.2072300
      -11.816000       3.4000000   3.9830800e-05       2.0800000       3.2076500
      -11.802000       3.4000000   4.0699100e-05       2.0800000       3.2080700
      -11.788000       3.4000000   4.1586300e-05       2.0800000       3.2084900
      -11.774000       3.4000000   4.2492900e-05       2.0800000       3.2089000
      -11.760000       3.4000000   4.3419300e-05       2.0800000       3.2093200
      -11.746000       3.4000000   4.4365800e-05       2.0800000       3.2097400
      -11.732000       3.4000000   4.5333000e-05       2.0800000       3.2101600
      -11.718000       3.4000000   4.6321300e-05       2.0800000       3.2105800
      -11.704000       3.4000000   4.7331100e-05       2.0800000       3.2110000
      -11.690000       3.4000000   4.8363000e-05       2.0800000       3.2114100
      -11.676000       3.4000000   4.9417400e-05       2.0800000       3.2118300
      -11.662000       3.4000000   5.0494700e-05       2.0800000       3.2122500
      -11.648000       3.4000000   5.1595500e-05       2.0800000       3.2126700
      -11.634000       3.4000000   5.2720300e-05       2.0800000       3.2130900
      -11.620000       3.4000000   5.3869600e-05       2.0800000       3.2135100
      -11.606000       3.4000000   5.5044000e-05       2.0800000       3.2139300
      -11.592000       3.4000000   5.6244000e-05       2.0800000       3.2143400
      -11.578000       3.4000000   5.7470100e-05       2.0800000       3.2147600
      -11.564000       3.4480000   5.7933100e-05       2.0800000       3.2151800
      -11.550000       3.4480000   5.8245900e-05       2.0800000       3.2156000
      -11.536000       3.4480000   5.8560400e-05       2.0800000       3.2160200
      -11.522000       3.4480000   5.8876600e-05       2.0800000       3.2164400
      -11.508000       3.4480000   5.9194500e-05       2.0800000       3.2168600
      -11.494000       3.4480000   5.9514100e-05       2.0800000       3.2172800
      -11.480000       3.4480000   5.9835500e-05       2.0800000       3.2177000
      -11.466000       3.4480000   6.0158500e-05       2.0800000       3.2181200
      -11.452000       3.4480000   6.0483300e-05       2.0800000       3.2185400
      -11.438000       3.4480000   6.0809900e-05       2.0800000       3.2189600
      -11.424000       3.4480000   6.1138200e-05       2.0800000       3.2193800
      -11.410000       3.4480000   6.1468300e-05       2.0800000       3.2197900
      -11.396000       3.4480000   6.1800200e-05       2.0800000       3.2202100
      -11.382000       3.4480000   6.2133900e-05       2.0800000       3.2206300
      -11.368000       3.4480000   6.2469400e-05       2.0800000       3.2210500
      -11.354000       3.4480000   6.2806700e-05       2.0800000       3.2214700
      -11.340000       3.4480000   6.3145800e-05       2.0800000       3.2218900
      -11.326000       3.4480000   6.3486800e-05       2.0800000       3.2223100
      -11.312000       3.4480000   6.3829500e-05       2.0800000       3.2227300
      -11.298000       3.4480000   6.4174200e-05       2.1120000       3.2232700
      -11.284000       3.4480000   6.4520700e-05       2.1120000       3.2405300
      -11.270000       3.4480000   6.4869000e-05       2.1120000       3.2578900
      -11.256000       3.4480000   6.5219300e-05       2.1120000       3.2753500
      -11.242000       3.4480000   6.5571500e-05       2.1120000       3.2928900
      -11.228000       3.4480000   6.5925500e-05       2.1120000       3.3105300
      -11.214000       3.4480000   6.6281500e-05       2.1120000       3.3282700
      -11.200000       3.4480000   6.6639300e-05       2.1120000       3.3461000
      -11.186000       3.4480000   6.6999100e-05       2.1160000       3.3650500
      -11.172000       3.4480000   6.7360900e-05       2.1160000       3.3864800
      -11.158000       3.4480000   6.7724600e-05       2.1160000       3.4080500
      -11.144000       3.4480000   6.8090300e-05       2.1160000       3.4297500
      -11.130000       3.4480000   6.8457900e-05       2.1440000       3.4799100
      -11.116000       3.4480000   6.8827500e-05       2.1440000       3.5347400
      -11.102000       3.4480000   6.9199200e-05       2.1440000       3.5904300
      -11.088000       3.4480000   6.9572800e-05       2.1440000       3.6470100
      -11.074000       3.4480000   6.9948400e-05       2.1440000       3.7044700
      -11.060000       3.4480000   7.0326100e-05       2.1440000       3.7628400
      -11.046000       3.4480000   7.0705800e-05       2.1440000       3.8221300
      -11.032000       3.4480000   7.1087600e-05       2.1440000       3.8823600
      -11.018000       3.4480000   7.1471400e-05       2.1440000       3.9435300
      -11.004000       3.4480000   7.1857300e-05       2.1440000       4.0056600
      -10.990000       3.4520000   7.2150600e-05       2.1440000       4.0236000
      -10.976000       3.4520000   7.2407100e-05       2.1440000       4.0236000
      -10.962000       3.4520000   7.2664500e-05       2.1440000       4.0236000
      -10.948000       3.4520000   7.2922800e-05       2.1440000       4.0236000
      -10.934000       3.4520000   7.3182100e-05       2.1440000       4.0236000
      -10.920000       3.4520000   7.3442200e-05       2.1440000       4.0236000
      -10.906000       3.4520000   7.3703300e-05       2.1440000       4.0236000
      -10.892000       3.4520000   7.3965300e-05       2.1440000       4.0236000
      -10.878000       3.4520000   7.4228300e-05       2.1440000       4.0236000
      -10.864000       3.4520000   7.4492200e-05       2.1440000       4.0236000
      -10.850000       3.4520000   7.4757000e-05       2.1440000       4.0236000
      -10.836000       3.4520000   7.5022700e-05       2.1440000       4.0236000
      -10.822000       3.4520000   7.5289500e-05       2.1440000       4.0236000
      -10.808000       3.4520000   7.5557100e-05       2.1440000       4.0236000
      -10.794000       3.4520000   7.5825700e-05       2.1440000       4.0236000
      -10.780000       3.4520000   7.6095300e-05       2.1440000       4.0236000
      -10.766000       3.4520000   7.6365800e-05       2.1440000       4.0236000
      -10.752000       3.4520000   7.6637300e-05       2.1440000       4.0236000
      -10.738000       3.4520000   7.6909700e-05       2.1440000       4.0236000
      -10.724000       3.4520000   7.7183100e-05       2.1440000       4.0236000
      -10.710000       3.4520000   7.7457500e-05       2.1440000       4.0236000
      -10.696000       3.4520000   7.7732900e-05       2.1440000       4.0236000
      -10.682000       3.4520000   7.8009200e-05       2.1440000       4.0236000
      -10.668000       3.4520000   7.8286500e-05       2.1440000       4.0236000
      -10.654000       3.4520000   7.8564800e-05       2.1440000       4.0236000
      -10.640000       3.4520000   7.8844100e-05       2.1440000       4.0236000
      -10.626000       3.4520000   7.9124400e-05       2.1440000       4.0236000
      -10.612000       3.4520000   7.9405700e-05       2.1440000       4.0236000
      -10.598000       3.4520000   7.9688000e-05       2.1440000       4.0236000
      -10.584000       3.4520000   7.9971300e-05       2.1440000       4.0236000
      -10.570000       3.4520000   8.0255600e-05       2.1440000       4.0236000
      -10.556000       3.4520000   8.0540900e-05       2.1440000       4.0236000
      -10.542000       3.4520000   8.0827200e-05       2.1440000       4.0236000
      -10.528000       3.4520000   8.1114600e-05       2.1440000       4.0236000
      -10.514000       3.4520000   8.1402900e-05       2.1440000       4.0236000
      -10.500000       3.4520000   8.1692300e-05       2.1440000       4.0236000
      -10.486000       3.4520000   8.1982700e-05       2.1440000       4.0236000
      -10.472000       3.4520000   8.2274200e-05       2.1440000       4.0236000
      -10.458000       3.4520000   8.2566600e-05       2.1440000       4.0236000
      -10.444000       3.4520000   8.2860200e-05       2.1440000       4.0236000
      -10.430000       3.4520000   8.3154700e-05       2.1440000       4.0236000
      -10.416000       3.4520000   8.3450300e-05       2.1440000       4.0236000
      -10.402000       3.4520000   8.3747000e-05       2.1440000       4.0236000
      -10.388000       3.4520000   8.4044700e-05       2.1440000       4.0236000
      -10.374000       3.4520000   8.4343500e-05       2.1440000       4.0236000
      -10.360000       3.4520000   8.4643400e-05       2.1440000       4.0236000
      -10.346000       3.4520000   8.4944300e-05       2.1440000       4.0236000
      -10.332000       3.4520000   8.5246200e-05       2.1440000       4.0236000
      -10.318000       3.4520000   8.5549300e-05       2.1440000       4.0236000
      -10.304000       3.4520000   8.5853400e-05       2.1440000       4.0236000
      -10.290000       3.4520000   8.6158600e-05       2.1440000       4.0236000
      -10.276000       3.4520000   8.6464900e-05       2.1440000       4.0236000
      -10.262000       3.4520000   8.6772300e-05       2.1440000       4.0236000
      -10.248000       3.4520000   8.7080800e-05       2.1440000       4.0236000
      -10.234000       3.4520000   8.7390300e-05       2.1440000       4.0236000
      -10.220000       3.4520000   8.7701000e-05       2.1480000       4.0257000
      -10.206000       3.4520000   8.8012800e-05       2.1480000       4.0290300
      -10.192000       3.4520000   8.8325600e-05       2.1480000       4.0323600
      -10.178000       3.4520000   8.8639600e-05       2.1480000       4.0356900
      -10.164000       3.4520000   8.8954800e-05       2.1480000       4.0390300
      -10.150000       3.4520000   8.9271000e-05       2.1480000       4.0423700
      -10.136000       3.4520000   8.9588400e-05       2.1480000       4.0457100
      -10.122000       3.4520000   8.9906800e-05       2.1480000       4.0490500
      -10.108000       3.4520000   9.0226500e-05       2.1760000       4.0556300
      -10.094000       3.4520000   9.0547200e-05       2.1760000       4.1087000
      -10.080000       3.4520000   9.0869100e-05       2.1760000       4.1624700
      -10.066000       3.4520000   9.1192100e-05       2.1760000       4.2169400
      -10.052000       3.4520000   9.1516300e-05       2.1760000       4.2721200
      -10.038000       3.4520000   9.1841700e-05       2.1760000       4.3280300
      -10.024000       3.4520000   9.2168200e-05       2.1760000       4.3846600
      -10.010000       3.4520000   9.2495800e-05       2.1760000       4.4420400
      -9.9960000       3.4520000   9.3594000e-05       2.1760000       4.4834800
      -9.9820000       3.4520000   9.6680200e-05       2.1760000       4.4834800
      -9.9680000       3.4520000   9.9868200e-05       2.1760000       4.4834800
      -9.9540000       3.4520000   0.00010316100       2.1760000       4.4834800
      -9.9400000       3.4520000   0.00010656300       2.1760000       4.4834800
      -9.9260000       3.4520000   0.00011007700       2.1760000       4.4834800
      -9.9120000       3.4520000   0.00011370700       2.1760000       4.4834800
      -9.8980000       3.4520000   0.00011745600       2.1760000       4.4834800
      -9.8840000       3.4520000   0.00012132900       2.1760000       4.4834800
      -9.8700000       3.4520000   0.00012533000       2.1760000       4.4834800
      -9.8560000       3.4520000   0.00012946200       2.1760000       4.4834800
      -9.8420000       3.4520000   0.00013373100       2.1760000       4.4834800
      -9.8280000       3.4520000   0.00013814100       2.1760000       4.4834800
      -9.8140000       3.4520000   0.00014269600       2.1760000       4.4834800
      -9.8000000       3.4520000   0.00014740100       2.1760000       4.4834800
      -9.7860000       3.4520000   0.00015226200       2.1760000       4.4834800
      -9.7720000       3.4520000   0.00015728300       2.1760000       4.4834800
      -9.7580000       3.4520000   0.00016246900       2.1760000       4.4834800
      -9.7440000       3.4520000   0.00016782600       2.1760000       4.4834800
      -9.7300000       3.4520000   0.00017336000       2.1760000       4.4834800
      -9.7160000       3.4520000   0.00017907700       2.1760000       4.4834800
      -9.7020000       3.4520000   0.00018498200       2.1760000       4.4834800
      -9.6880000       3.4520000   0.00019108100       2.1760000       4.4834800
      -9.6740000       3.4520000   0.00019738200       2.1760000       4.4834800
      -9.6600000       3.4520000   0.00020389100       2.1760000       4.4834800
      -9.6460000       3.4520000   0.00021061400       2.1760000       4.4834800
      -9.6320000       3.4520000   0.00021755800       2.1760000       4.4834800
      -9.6180000       3.4520000   0.00022473200       2.1760000       4.4834800
      -9.6040000       3.4520000   0.00023214300       2.1760000       4.4834800
      -9.5900000       3.4520000   0.00023979700       2.1760000       4.4834800
      -9.5760000       3.4520000   0.00024770400       2.1760000       4.4834800
      -9.5620000       3.4520000   0.00025587200       2.1760000       4.4834800
      -9.5480000       3.4520000   0.00026431000       2.1760000       4.4834800
      -9.5340000       3.4520000   0.00027302500       2.1760000       4.4834800
      -9.5200000       3.4520000   0.00028202800       2.1760000       4.4834800
      -9.5060000       3.4520000   0.00029132800       2.1760000       4.4834800
      -9.4920000       3.4520000   0.00030093400       2.1760000       4.4834800
      -9.4780000       3.4520000   0.00031085700       2.1760000       4.4834800
      -9.4640000       3.4520000   0.00032110800       2.1760000       4.4834800
      -9.4500000       3.4520000   0.00033169600       2.1760000       4.4834800
      -9.4360000       3.4520000   0.00034263300       2.1760000       4.4834800
      -9.4220000       3.4520000   0.00035393100       2.1760000       4.4834800
      -9.4080000       3.4520000   0.00036560200       2.1760000       4.4834800
      -9.3940000       3.4520000   0.00037765700       2.1760000       4.4834800
      -9.3800000       3.4520000   0.00039011000       2.1760000       4.4834800
      -9.3660000       3.4520000   0.00040297400       2.1760000       4.4834800
      -9.3520000       3.4520000   0.00041626100       2.1760000       4.4834800
      -9.3380000       3.4520000   0.00042998700       2.1760000       4.4834800
      -9.3240000       3.4520000   0.00044416600       2.1760000       4.4834800
      -9.3100000       3.4520000   0.00045881200       2.1760000       4.4834800
      -9.2960000       3.4520000   0.00047394200       2.1760000       4.4834800
      -9.2820000       3.4520000   0.00048957000       2.1760000       4.4834800
      -9.2680000       3.4520000   0.00050571300       2.1760000       4.4834800
      -9.2540000       3.4520000   0.00052238800       2.1760000       4.4834800
      -9.2400000       3.5000000   0.00053944500       2.1760000       4.4834800
      -9.2260000       3.5000000   0.00054991500       2.1760000       4.4834800
      -9.2120000       3.5000000   0.00056058800       2.1760000       4.4834800
      -9.1980000       3.5000000   0.00057146900       2.1760000       4.4834800
      -9.1840000       3.5000000   0.00058256000       2.1760000       4.4834800
      -9.1700000       3.5000000   0.00059386700       2.1760000       4.4834800
      -9.1560000       3.5000000   0.00060539300       2.1760000       4.4834800
      -9.1420000       3.5000000   0.00061714300       2.1760000       4.4834800
      -9.1280000       3.5000000   0.00062912000       2.1760000       4.4834800
      -9.1140000       3.5000000   0.00064133100       2.2040000       4.5092400
      -9.1000000       3.5000000   0.00065377800       2.2040000       4.5575100
      -9.0860000       3.5000000   0.00066646700       2.2040000       4.6063000
      -9.0720000       3.5000000   0.00067940300       2.2040000       4.6556200
      -9.0580000       3.5000000   0.00069258900       2.2040000       4.7054700
      -9.0440000       3.5000000   0.00070603100       2.2040000       4.7558400
      -9.0300000       3.5000000   0.00071973400       2.2040000       4.8067600
      -9.0160000       3.5000000   0.00073370300       2.2040000       4.8582200
      -9.0020000       3.5000000   0.00074794300       2.2040000       4.9102300
      -8.9880000       3.5000000   0.00076242700       2.2040000       4.9177100
      -8.9740000       3.5000000   0.00077718600       2.2040000       4.9177100
      -8.9600000       3.5000000   0.00079223100       2.2040000       4.9177100
      -8.9460000       3.5000000   0.00080756600       2.2040000       4.9177100
      -8.9320000       3.5000000   0.00082319900       2.2040000       4.9177100
      -8.9180000       3.5000000   0.00083913400       2.2040000       4.9177100
      -8.9040000       3.5000000   0.00085537800       2.2040000       4.9177100
      -8.8900000       3.5000000   0.00087193600       2.2040000       4.9177100
      -8.8760000       3.5000000   0.00088881500       2.2040000       4.9177100
      -8.8620000       3.5000000   0.00090602000       2.2040000       4.9177100
      -8.8480000       3.5000000   0.00092356000       2.2040000       4.9177100
      -8.8340000       3.5000000   0.00094143800       2.2040000       4.9177100
      -8.8200000       3.5000000   0.00095966200       2.2040000       4.9177100
      -8.8060000       3.5000000   0.00097823900       2.2040000       4.9177100
      -8.7920000       3.5000000   0.00099717600       2.2040000       4.9177100
      -8.7780000       3.5000000    0.0010164800       2.2040000       4.9177100
      -8.7640000       3.5000000    0.0010361600       2.2040000       4.9177100
      -8.7500000       3.5000000    0.0010562100       2.2040000       4.9177100
      -8.7360000       3.5000000    0.0010766600       2.2040000       4.9177100
      -8.7220000       3.5000000    0.0010975000       2.2040000       4.9177100
      -8.7080000       3.5000000    0.0011187500       2.2040000       4.9177100
      -8.6940000       3.5000000    0.0011404000       2.2040000       4.9177100
      -8.6800000       3.5000000    0.0011624800       2.2040000       4.9177100
      -8.6660000       3.5000000    0.0011849800       2.2040000       4.9177100
      -8.6520000       3.5000000    0.0012079200       2.2040000       4.9177100
      -8.6380000       3.5000000    0.0012313000       2.2040000       4.9177100
      -8.6240000       3.5000000    0.0012551400       2.2040000       4.9177100
      -8.6100000       3.5000000    0.0012794300       2.2040000       4.9177100
      -8.5960000       3.5000000    0.0013042000       2.2040000       4.9177100
      -8.5820000       3.5000000    0.0013294500       2.2040000       4.9177100
      -8.5680000       3.5000000    0.0013551800       2.2040000       4.9177100
      -8.5540000       3.5000000    0.0013814200       2.2040000       4.9177100
      -8.5400000       3.5000000    0.0014081600       2.2040000       4.9177100
      -8.5260000       3.5000000    0.0014354200       2.2040000       4.9177100
      -8.5120000       3.5000000    0.0014632000       2.2040000       4.9177100
      -8.4980000       3.5000000    0.0014915300       2.2040000       4.9177100
      -8.4840000       3.5000000    0.0015204000       2.2040000       4.9177100
      -8.4700000       3.5000000    0.0015498300       2.2040000       4.9177100
      -8.4560000       3.5000000    0.0015798300       2.2040000       4.9177100
      -8.4420000       3.5000000    0.0016104100       2.2040000       4.9177100
      -8.4280000       3.5000000    0.0016415900       2.2040000       4.9177100
      -8.4140000       3.5000000    0.0016733700       2.2040000       4.9177100
      -8.4000000       3.5000000    0.0017057600       2.2040000       4.9177100
      -8.3860000       3.5000000    0.0017387800       2.2040000       4.9177100
      -8.3720000       3.5000000    0.0017724400       2.2040000       4.9177100
      -8.3580000       3.5000000    0.0018067500       2.2040000       4.9177100
      -8.3440000       3.5000000    0.0018417200       2.2040000       4.9177100
      -8.3300000       3.5000000    0.0018773700       2.2040000       4.9177100
      -8.3160000       3.5000000    0.0019137200       2.2040000       4.9177100
      -8.3020000       3.5000000    0.0019507600       2.2040000       4.9177100
      -8.2880000       3.5000000    0.0019885200       2.2040000       4.9177100
      -8.2740000       3.5000000    0.0020270200       2.2040000       4.9177100
      -8.2600000       3.5000000    0.0020662600       2.2040000       4.9177100
      -8.2460000       3.5000000    0.0021062500       2.2040000       4.9177100
      -8.2320000       3.5000000    0.0021470300       2.2040000       4.9177100
      -8.2180000       3.5000000    0.0021885900       2.2040000       4.9177100
      -8.2040000       3.5000000    0.0022309500       2.2040000       4.9177100
      -8.1900000       3.5000000    0.0022741400       2.2040000       4.9177100
      -8.1760000       3.5000000    0.0023181600       2.2040000       4.9177100
      -8.1620000       3.5000000    0.0023630400       2.2040000       4.9177100
      -8.1480000       3.5000000    0.0024087800       2.2040000       4.9177100
      -8.1340000       3.5000000    0.0024554100       2.2280000       4.9262400
      -8.1200000       3.5000000    0.0025029400       2.2280000       4.9662900
      -8.1060000       3.5000000    0.0025513900       2.2280000       5.0066700
      -8.0920000       3.5000000    0.0026007800       2.2280000       5.0473700
      -8.0780000       3.5000000    0.0026511300       2.2280000       5.0884100
      -8.0640000       3.5000000    0.0027024500       2.2280000       5.1297800
      -8.0500000       3.5000000    0.0027547600       2.2280000       5.1714800
      -8.0360000       3.5000000    0.0028080900       2.2280000       5.2135200
      -8.0220000       3.5000000    0.0028624400       2.2280000       5.2559100
      -8.0080000       3.5000000    0.0029178600       2.2280000       5.2986400
      -7.9940000       3.5000000    0.0029797000       2.2280000       5.3232100
      -7.9800000       3.5000000    0.0030501500       2.2280000       5.3232100
      -7.9660000       3.5000000    0.0031222700       2.2280000       5.3232100
      -7.9520000       3.5000000    0.0031961000       2.2280000       5.3232100
      -7.9380000       3.5000000    0.0032716700       2.2280000       5.3232100
      -7.9240000       3.5000000    0.0033490400       2.2280000       5.3232100
      -7.9100000       3.5000000    0.0034282300       2.2280000       5.3232100
      -7.8960000       3.5000000    0.0035092900       2.2280000       5.3232100
      -7.8820000       3.5000000    0.0035922700       2.2280000       5.3232100
      -7.8680000       3.5000000    0.0036772100       2.2280000       5.3232100
      -7.8540000       3.5000000    0.0037641600       2.2280000       5.3232100
      -7.8400000       3.5000000    0.0038531600       2.2280000       5.3232100
      -7.8260000       3.5000000    0.0039442700       2.2280000       5.3232100
      -7.8120000       3.5000000    0.0040375400       2.2280000       5.3232100
      -7.7980000       3.5000000    0.0041330100       2.2280000       5.3232100
      -7.7840000       3.5000000    0.0042307300       2.2280000       5.3232100
      -7.7700000       3.5000000    0.0043307700       2.2280000       5.3232100
      -7.7560000       3.5000000    0.0044331700       2.2280000       5.3232100
      -7.7420000       3.5000000    0.0045380000       2.2280000       5.3232100
      -7.7280000       3.5000000    0.0046453000       2.2280000       5.3232100
      -7.7140000       3.5000000    0.0047551400       2.2280000       5.3232100
      -7.7000000       3.5000000    0.0048675800       2.2280000       5.3232100
      -7.6860000       3.5000000    0.0049826800       2.2280000       5.3232100
      -7.6720000       3.5000000    0.0051004900       2.2280000       5.3232100
      -7.6580000       3.5000000    0.0052211000       2.2280000       5.3232100
      -7.6440000       3.5000000    0.0053445500       2.2280000       5.3232100
      -7.6300000       3.5000000    0.0054709200       2.2280000       5.3232100
      -7.6160000       3.5000000    0.0056002900       2.2280000       5.3232100
      -7.6020000       3.5000000    0.0057327100       2.2280000       5.3232100
      -7.5880000       3.5000000    0.0058682600       2.2280000       5.3232100
      -7.5740000       3.5000000    0.0060070200       2.2280000       5.3232100
      -7.5600000       3.5000000    0.0061490600       2.2280000       5.3232100
      -7.5460000       3.5000000    0.0062944600       2.2280000       5.3232100
      -7.5320000       3.5000000    0.0064432900       2.2320000       5.3241400
      -7.5180000       3.5000000    0.0065956500       2.2320000       5.3259500
      -7.5040000       3.5000000    0.0067516000       2.2320000       5.3277500
      -7.4900000       3.5000000    0.0069112500       2.2320000       5.3295600
      -7.4760000       3.5000000    0.0070746700       2.2320000       5.3313700
      -7.4620000       3.5000000    0.0072419500       2.2320000       5.3331700
      -7.4480000       3.5000000    0.0074131900       2.2320000       5.3349800
      -7.4340000       3.5000000    0.0075884800       2.2320000       5.3367900
      -7.4200000       3.5000000    0.0077679100       2.2320000       5.3386000
      -7.4060000       3.5000000    0.0079515900       2.2320000       5.3404100
      -7.3920000       3.5000000    0.0081396100       2.2320000       5.3422200
      -7.3780000       3.5000000    0.0083320800       2.2320000       5.3440400
      -7.3640000       3.5000000    0.0085290900       2.2320000       5.3458500
      -7.3500000       3.5000000    0.0087307700       2.2320000       5.3476600
      -7.3360000       3.5000000    0.0089372100       2.2320000       5.3494800
      -7.3220000       3.5000000    0.0091485300       2.2320000       5.3512900
      -7.3080000       3.5000000    0.0093648500       2.2320000       5.3531000
      -7.2940000       3.5000000    0.0095862900       2.2320000       5.3549200
      -7.2800000       3.5000000    0.0098129600       2.2320000       5.3567400
      -7.2660000       3.5000000     0.010045000       2.2320000       5.3585500
      -7.2520000       3.5000000     0.010282500       2.2320000       5.3603700
      -7.2380000       3.5000000     0.010525700       2.2320000       5.3621900
      -7.2240000       3.5000000     0.010774500       2.2320000       5.3640100
      -7.2100000       3.5000000     0.011029300       2.2520000       5.3691500
      -7.1960000       3.5000000     0.011290100       2.2520000       5.3937900
      -7.1820000       3.5000000     0.011557100       2.2520000       5.4185400
      -7.1680000       3.5000000     0.011830300       2.2560000       5.4476300
      -7.1540000       3.5000000     0.012110100       2.2560000       5.4781000
      -7.1400000       3.5000000     0.012396400       2.2560000       5.5087500
      -7.1260000       3.5000000     0.012689500       2.2560000       5.5395700
      -7.1120000       3.5000000     0.012989600       2.2560000       5.5705600
      -7.0980000       3.5000000     0.013296700       2.2760000       5.6152300
      -7.0840000       3.5000000     0.013611100       2.2760000       5.6955200
      -7.0700000       3.5000000     0.013933000       2.2760000       5.7769700
      -7.0560000       3.5000000     0.014262400       2.2760000       5.8595800
      -7.0420000       3.5000000     0.014599700       2.2760000       5.9433700
      -7.0280000       3.5000000     0.014944900       2.2760000       6.0283600
      -7.0140000       3.5000000     0.015298300       2.2760000       6.1145600
      -7.0000000       3.5000000     0.015660000       2.2760000       6.2020000
      -6.9860000       3.5000000     0.016030400       2.2760000       6.2020000
      -6.9720000       3.5000000     0.016409600       2.2760000       6.2020000
      -6.9580000       3.3040000     0.016434700       2.2760000       6.2020000
      -6.9440000       3.3040000     0.016448400       2.2760000       6.2020000
      -6.9300000       3.3040000     0.016462100       2.2760000       6.2020000
      -6.9160000       3.3040000     0.016475700       2.2760000       6.2020000
      -6.9020000       3.3040000     0.016489400       2.2760000       6.2020000
      -6.8880000       3.3040000     0.016503100       2.2760000       6.2020000
      -6.8740000       3.3040000     0.016516800       2.2760000       6.2020000
      -6.8600000       3.3040000     0.016530500       2.2760000       6.2020000
      -6.8460000       3.3040000     0.016544300       2.2760000       6.2020000
      -6.8320000       3.3040000     0.016558000       2.2760000       6.2020000
      -6.8180000       3.3040000     0.016571800       2.2760000       6.2020000
      -6.8040000       3.3040000     0.016585500       2.2760000       6.2020000
      -6.7900000       3.3040000     0.016599300       2.2760000       6.2020000
      -6.7760000       3.3040000     0.016613100       2.2760000       6.2020000
      -6.7620000       3.3040000     0.016626900       2.2760000       6.2020000
      -6.7480000       3.3040000     0.016640700       2.2760000       6.2020000
      -6.7340000       3.3040000     0.016654500       2.2760000       6.2020000
      -6.7200000       3.3040000     0.016668400       2.2760000       6.2020000
      -6.7060000       3.3040000     0.016682200       2.2760000       6.2020000
      -6.6920000       3.3040000     0.016696100       2.2760000       6.2020000
      -6.6780000       3.3040000     0.016709900       2.2760000       6.2020000
      -6.6640000       3.3040000     0.016723800       2.2760000       6.2020000
      -6.6500000       3.3040000     0.016737700       2.2760000       6.2020000
      -6.6360000       3.3040000     0.016751600       2.2760000       6.2020000
      -6.6220000       3.3040000     0.016765500       2.2760000       6.2020000
      -6.6080000       3.3040000     0.016779400       2.2760000       6.2020000
      -6.5940000       3.3040000     0.016793400       2.2760000       6.2020000
      -6.5800000       3.3040000     0.016807300       2.2760000       6.2020000
      -6.5660000       3.3040000     0.016821300       2.2760000       6.2020000
      -6.5520000       3.3040000     0.016835300       2.2760000       6.2020000
      -6.5380000       3.3040000     0.016849200       2.2760000       6.2020000
      -6.5240000       3.3040000     0.016863200       2.2760000       6.2020000
      -6.5100000       3.3040000     0.016877200       2.2760000       6.2020000
      -6.4960000       3.3040000     0.016891300       2.2760000       6.2020000
      -6.4820000       3.3040000     0.016905300       2.2760000       6.2020000
      -6.4680000       3.3040000     0.016919300       2.2760000       6.2020000
      -6.4540000       3.3040000     0.016933400       2.2760000       6.2020000
      -6.4400000       3.3040000     0.016947500       2.2760000       6.2020000
      -6.4260000       3.3040000     0.016961500       2.2760000       6.2020000
      -6.4120000       3.3040000     0.016975600       2.2760000       6.2020000
      -6.3980000       3.3040000     0.016989700       2.2760000       6.2020000
      -6.3840000       3.3040000     0.017003800       2.2760000       6.2020000
      -6.3700000       3.3040000     0.017018000       2.2760000       6.2020000
      -6.3560000       3.3040000     0.017032100       2.2760000       6.2020000
      -6.3420000       3.3040000     0.017046200       2.2800000       6.2034200
      -6.3280000       3.3040000     0.017060400       2.2800000       6.2065600
      -6.3140000       3.3040000     0.017074600       2.2800000       6.2096900
      -6.3000000       3.3040000     0.017088700       2.2800000       6.2128300
      -6.2860000       3.3040000     0.017102900       2.2800000       6.2159600
      -6.2720000       3.3040000     0.017117100       2.2800000       6.2191000
      -6.2580000       3.3040000     0.017131400       2.2800000       6.2222500
      -6.2440000       3.3040000     0.017145600       2.2800000       6.2253900
      -6.2300000       3.3040000     0.017159800       2.2800000       6.2285300
      -6.2160000       3.3040000     0.017174100       2.2800000       6.2316800
      -6.2020000       3.3040000     0.017188400       2.2800000       6.2348300
      -6.1880000       3.3040000     0.017202600       2.2800000       6.2379800
      -6.1740000       3.3040000     0.017216900       2.2800000       6.2411300
      -6.1600000       3.3040000     0.017231200       2.2800000       6.2442800
      -6.1460000       3.3040000     0.017245500       2.2800000       6.2474300
      -6.1320000       3.3040000     0.017259900       2.2800000       6.2505900
      -6.1180000       3.3040000     0.017274200       2.2800000       6.2537500
      -6.1040000       3.3040000     0.017288500       2.3000000       6.2599800
      -6.0900000       3.3040000     0.017302900       2.3000000       6.3160800
      -6.0760000       3.3040000     0.017317300       2.3000000       6.3726700
      -6.0620000       3.3040000     0.017331700       2.3000000       6.4297800
      -6.0480000       3.3040000     0.017346000       2.3000000       6.4874000
      -6.0340000       3.3040000     0.017360500       2.3000000       6.5455300
      -6.0200000       3.3040000     0.017374900       2.3000000       6.6041900
      -6.0060000       3.3040000     0.017389300       2.3000000       6.6633700
      -5.9920000       3.3040000     0.018028200       2.3000000       6.6888900
      -5.9780000       3.3040000     0.019191300       2.3000000       6.6888900
      -5.9640000       3.3200000     0.020051400       2.3000000       6.6888900
      -5.9500000       3.3240000     0.020099100       2.3000000       6.6888900
      -5.9360000       3.3240000     0.020102400       2.3000000       6.6888900
      -5.9220000       3.3240000     0.020105800       2.3000000       6.6888900
      -5.9080000       3.3240000     0.020109100       2.3000000       6.6888900
      -5.8940000       3.3240000     0.020112500       2.3000000       6.6888900
      -5.8800000       3.3240000     0.020115800       2.3000000       6.6888900
      -5.8660000       3.3240000     0.020119200       2.3000000       6.6888900
      -5.8520000       3.3240000     0.020122500       2.3000000       6.6888900
      -5.8380000       3.3240000     0.020125900       2.3000000       6.6888900
      -5.8240000       3.3240000     0.020129300       2.3000000       6.6888900
      -5.8100000       3.3240000     0.020132600       2.3000000       6.6888900
      -5.7960000       3.3240000     0.020136000       2.3000000       6.6888900
      -5.7820000       3.3240000     0.020139300       2.3000000       6.6888900
      -5.7680000       3.3240000     0.020142700       2.3000000       6.6888900
      -5.7540000       3.3240000     0.020146000       2.3000000       6.6888900
      -5.7400000       3.3240000     0.020149400       2.3000000       6.6888900
      -5.7260000       3.3240000     0.020152700       2.3000000       6.6888900
      -5.7120000       3.3240000     0.020156100       2.3000000       6.6888900
      -5.6980000       3.3240000     0.020159500       2.3000000       6.6888900
      -5.6840000       3.3240000     0.020162800       2.3000000       6.6888900
      -5.6700000       3.3240000     0.020166200       2.3000000       6.6888900
      -5.6560000       3.3240000     0.020169500       2.3000000       6.6888900
      -5.6420000       3.3240000     0.020172900       2.3000000       6.6888900
      -5.6280000       3.3240000     0.020176300       2.3000000       6.6888900
      -5.6140000       3.3240000     0.020179600       2.3000000       6.6888900
      -5.6000000       3.3240000     0.020183000       2.3000000       6.6888900
      -5.5860000       3.3240000     0.020186300       2.3000000       6.6888900
      -5.5720000       3.3240000     0.020189700       2.3000000       6.6888900
      -5.5580000       3.3240000     0.020193100       2.3000000       6.6888900
      -5.5440000       3.3240000     0.020196400       2.3000000       6.6888900
      -5.5300000       3.3240000     0.020199800       2.3000000       6.6888900
      -5.5160000       3.3240000     0.020203200       2.3000000       6.6888900
      -5.5020000       3.3240000     0.020206500       2.3000000       6.6888900
      -5.4880000       3.3240000     0.020209900       2.3000000       6.6888900
      -5.4740000       3.3240000     0.020213300       2.3000000       6.6888900
      -5.4600000       3.3240000     0.020216600       2.3000000       6.6888900
      -5.4460000       3.3240000     0.020220000       2.3000000       6.6888900
      -5.4320000       3.3240000     0.020223400       2.3000000       6.6888900
      -5.4180000       3.3240000     0.020226700       2.3000000       6.6888900
      -5.4040000       3.3240000     0.020230100       2.3000000       6.6888900
      -5.3900000       3.3240000     0.020233500       2.3000000       6.6888900
      -5.3760000       3.3240000     0.020236800       2.3000000       6.6888900
      -5.3620000       3.3240000     0.020240200       2.3000000       6.6888900
      -5.3480000       3.3240000     0.020243600       2.3000000       6.6888900
      -5.3340000       3.3240000     0.020247000       2.3000000       6.6888900
      -5.3200000       3.3240000     0.020250300       2.3000000       6.6888900
      -5.3060000       3.3240000     0.020253700       2.3000000       6.6888900
      -5.2920000       3.3240000     0.020257100       2.3000000       6.6888900
      -5.2780000       3.3240000     0.020260500       2.3000000       6.6888900
      -5.2640000       3.3240000     0.020263800       2.3000000       6.6888900
      -5.2500000       3.3240000     0.020267200       2.3000000       6.6888900
      -5.2360000       3.3240000     0.020270600       2.3000000       6.6888900
      -5.2220000       3.3240000     0.020274000       2.3000000       6.6888900
      -5.2080000       3.3240000     0.020277300       2.3000000       6.6888900
      -5.1940000       3.3240000     0.020280700       2.3000000       6.6888900
      -5.1800000       3.3240000     0.020284100       2.3000000       6.6888900
      -5.1660000       3.3240000     0.020287500       2.3000000       6.6888900
      -5.1520000       3.3240000     0.020290900       2.3000000       6.6888900
      -5.1380000       3.3240000     0.020294200       2.3960000       6.7965400
      -5.1240000       3.3240000     0.020297600       2.3960000       6.9640600
      -5.1100000       3.3240000     0.020301000       2.3960000       7.1357100
      -5.0960000       3.3240000     0.020304400       2.3960000       7.3115900
      -5.0820000       3.3240000     0.020307800       2.3960000       7.4918200
      -5.0680000       3.3240000     0.020311100       2.3960000       7.6764800
      -5.0540000       3.3240000     0.020314500       2.3960000       7.8656900
      -5.0400000       3.3240000     0.020317900       2.3960000       8.0595600
      -5.0260000       3.3240000     0.020321300       2.3960000       8.2582200
      -5.0120000       3.3240000     0.020324700       2.3960000       8.4617700
      -4.9980000       3.3240000     0.020516800       2.3960000       8.6402300
      -4.9840000       3.3240000     0.021891400       2.3960000       8.6402300
      -4.9700000       3.3240000     0.023358200       2.3960000       8.6402300
      -4.9560000       3.3440000     0.024003600       2.3960000       8.6402300
      -4.9420000       3.3440000     0.024004700       2.3960000       8.6402300
      -4.9280000       3.3440000     0.024005800       2.3960000       8.6402300
      -4.9140000       3.3440000     0.024007000       2.3960000       8.6402300
      -4.9000000       3.3440000     0.024008100       2.3960000       8.6402300
      -4.8860000       3.3440000     0.024009300       2.3960000       8.6402300
      -4.8720000       3.3440000     0.024010400       2.3960000       8.6402300
      -4.8580000       3.3440000     0.024011500       2.3960000       8.6402300
      -4.8440000       3.3440000     0.024012700       2.3960000       8.6402300
      -4.8300000       3.3440000     0.024013800       2.3960000       8.6402300
      -4.8160000       3.3440000     0.024014900       2.3960000       8.6402300
      -4.8020000       3.3440000     0.024016100       2.3960000       8.6402300
      -4.7880000       3.3440000     0.024017200       2.3960000       8.6402300
      -4.7740000       3.3440000     0.024018400       2.3960000       8.6402300
      -4.7600000       3.3440000     0.024019500       2.3960000       8.6402300
      -4.7460000       3.3440000     0.024020600       2.3960000       8.6402300
      -4.7320000       3.3440000     0.024021800       2.3960000       8.6402300
      -4.7180000       3.3440000     0.024022900       2.3960000       8.6402300
      -4.7040000       3.3440000     0.024024100       2.3960000       8.6402300
      -4.6900000       3.3440000     0.024025200       2.3960000       8.6402300
      -4.6760000       3.3440000     0.024026300       2.3960000       8.6402300
      -4.6620000       3.3440000     0.024027500       2.3960000       8.6402300
      -4.6480000       3.3440000     0.024028600       2.3960000       8.6402300
      -4.6340000       3.3440000     0.024029700       2.3960000       8.6402300
      -4.6200000       3.3440000     0.024030900       2.3960000       8.6402300
      -4.6060000       3.3440000     0.024032000       2.3960000       8.6402300
      -4.5920000       3.3440000     0.024033200       2.3960000       8.6402300
      -4.5780000       3.3440000     0.024034300       2.3960000       8.6402300
      -4.5640000       3.3440000     0.024035400       2.3960000       8.6402300
      -4.5500000       3.3440000     0.024036600       2.3960000       8.6402300
      -4.5360000       3.3440000     0.024037700       2.3960000       8.6402300
      -4.5220000       3.3440000     0.024038900       2.3960000       8.6402300
      -4.5080000       3.3440000     0.024040000       2.3960000       8.6402300
      -4.4940000       3.3440000     0.024041100       2.3960000       8.6402300
      -4.4800000       3.3440000     0.024042300       2.3960000       8.6402300
      -4.4660000       3.3440000     0.024043400       2.3960000       8.6402300
      -4.4520000       3.3440000     0.024044600       2.3960000       8.6402300
      -4.4380000       3.3440000     0.024045700       2.3960000       8.6402300
      -4.4240000       3.3440000     0.024046800       2.3960000       8.6402300
      -4.4100000       3.3440000     0.024048000       2.3960000       8.6402300
      -4.3960000       3.3440000     0.024049100       2.3960000       8.6402300
      -4.3820000       3.3440000     0.024050200       2.3960000       8.6402300
      -4.3680000       3.3440000     0.024051400       2.3960000       8.6402300
      -4.3540000       3.3440000     0.024052500       2.3960000       8.6402300
      -4.3400000       3.3440000     0.024053700       2.3960000       8.6402300
      -4.3260000       3.3440000     0.024054800       2.3960000       8.6402300
      -4.3120000       3.3440000     0.024055900       2.3960000       8.6402300
      -4.2980000       3.3440000     0.024057100       2.3960000       8.6402300
      -4.2840000       3.3440000     0.024058200       2.3960000       8.6402300
      -4.2700000       3.3440000     0.024059400       2.3960000       8.6402300
      -4.2560000       3.3440000     0.024060500       2.3960000       8.6402300
      -4.2420000       3.3440000     0.024061600       2.3960000       8.6402300
      -4.2280000       3.3440000     0.024062800       2.3960000       8.6402300
      -4.2140000       3.3440000     0.024063900       2.4000000       8.6432000
      -4.2000000       3.3440000     0.024065100       2.4000000       8.6570400
      -4.1860000       3.3440000     0.024066200       2.4000000       8.6709100
      -4.1720000       3.3440000     0.024067300       2.4120000       8.7064900
      -4.1580000       3.3440000     0.024068500       2.4160000       8.8084300
      -4.1440000       3.3440000     0.024069600       2.4160000       8.9331400
      -4.1300000       3.3440000     0.024070800       2.4280000       9.0645500
      -4.1160000       3.3440000     0.024071900       2.4280000       9.3071000
      -4.1020000       3.3440000     0.024073000       2.4280000       9.5561400
      -4.0880000       3.3440000     0.024074200       2.4280000       9.8118600
      -4.0740000       3.3440000     0.024075300       2.4320000       10.099700
      -4.0600000       3.3440000     0.024076500       2.4320000       10.404500
      -4.0460000       3.3440000     0.024077600       2.4320000       10.718500
      -4.0320000       3.3440000     0.024078800       2.4320000       11.042000
      -4.0180000       3.3440000     0.024079900       2.4320000       11.375300
      -4.0040000       3.3440000     0.024081000       2.4320000       11.718600
      -3.9900000       3.3440000     0.025250200       2.4320000       11.820400
      -3.9760000       3.3600000     0.026559300       2.4320000       11.822900
      -3.9620000       3.3600000     0.027571200       2.4320000       11.825400
      -3.9480000       3.3640000     0.028572800       2.4320000       11.827900
      -3.9340000       3.3640000     0.029472400       2.4320000       11.830400
      -3.9200000       3.3800000     0.030293000       2.4320000       11.833000
      -3.9060000       3.3800000     0.030533800       2.4320000       11.835500
      -3.8920000       3.3800000     0.030776400       2.4320000       11.838000
      -3.8780000       3.3800000     0.031020900       2.4320000       11.840500
      -3.8640000       3.3800000     0.031267400       2.4320000       11.843100
      -3.8500000       3.3800000     0.031515900       2.4320000       11.845600
      -3.8360000       3.3800000     0.031766300       2.4320000       11.848100
      -3.8220000       3.3800000     0.032018700       2.4320000       11.850600
      -3.8080000       3.3800000     0.032273200       2.4320000       11.853200
      -3.7940000       3.3800000     0.032529600       2.4320000       11.855700
      -3.7800000       3.3800000     0.032788100       2.4320000       11.858200
      -3.7660000       3.3800000     0.033048600       2.4320000       11.860800
      -3.7520000       3.3800000     0.033311200       2.4320000       11.863300
      -3.7380000       3.3800000     0.033575900       2.4320000       11.865800
      -3.7240000       3.3800000     0.033842700       2.4320000       11.868400
      -3.7100000       3.3800000     0.034111600       2.4320000       11.870900
      -3.6960000       3.3800000     0.034382700       2.4320000       11.873400
      -3.6820000       3.3800000     0.034655900       2.4320000       11.875900
      -3.6680000       3.3800000     0.034931300       2.4320000       11.878500
      -3.6540000       3.3800000     0.035208800       2.4320000       11.881000
      -3.6400000       3.3800000     0.035488600       2.4320000       11.883500
      -3.6260000       3.3800000     0.035770600       2.4320000       11.886100
      -3.6120000       3.3800000     0.036054900       2.4320000       11.888600
      -3.5980000       3.3800000     0.036341300       2.4320000       11.891200
      -3.5840000       3.3800000     0.036630100       2.4320000       11.893700
      -3.5700000       3.3800000     0.036921200       2.4320000       11.896200
      -3.5560000       3.3800000     0.037214600       2.4320000       11.898800
      -3.5420000       3.3800000     0.037510300       2.4320000       11.901300
      -3.5280000       3.3800000     0.037808300       2.4320000       11.903800
      -3.5140000       3.3800000     0.038108800       2.4320000       11.906400
      -3.5000000       3.3800000     0.038411600       2.4320000       11.908900
      -3.4860000       3.3800000     0.038716800       2.4320000       11.911500
      -3.4720000       3.3800000     0.039024500       2.4320000       11.914000
      -3.4580000       3.3800000     0.039334500       2.4320000       11.916500
      -3.4440000       3.3800000     0.039647100       2.4320000       11.919100
      -3.4300000       3.3800000     0.039962100       2.4320000       11.921600
      -3.4160000       3.3800000     0.040279700       2.4320000       11.924200
      -3.4020000       3.3800000     0.040599800       2.4320000       11.926700
      -3.3880000       3.3800000     0.040922400       2.4320000       11.929300
      -3.3740000       3.3800000     0.041247500       2.4320000       11.931800
      -3.3600000       3.3800000     0.041575300       2.4320000       11.934300
      -3.3460000       3.3800000     0.041905700       2.4320000       11.936900
      -3.3320000       3.3800000     0.042238600       2.4320000       11.939400
      -3.3180000       3.3800000     0.042574300       2.4320000       11.942000
      -3.3040000       3.3800000     0.042912600       2.4320000       11.944500
      -3.2900000       3.3800000     0.043253600       2.4320000       11.947100
      -3.2760000       3.3800000     0.043597300       2.4320000       11.949600
      -3.2620000       3.3800000     0.043943700       2.4320000       11.952200
      -3.2480000       3.3800000     0.044292900       2.4320000       11.954700
      -3.2340000       3.3800000     0.044644800       2.4320000       11.957300
      -3.2200000       3.3800000     0.044999600       2.4320000       11.959800
      -3.2060000       3.3800000     0.045357100       2.4320000       11.962400
      -3.1920000       3.3800000     0.045717600       2.4320000       11.964900
      -3.1780000       3.3800000     0.046080800       2.4320000       11.967500
      -3.1640000       3.3800000     0.046447000       2.4440000       12.014800
      -3.1500000       3.3800000     0.046816100       2.4440000       12.068700
      -3.1360000       3.3800000     0.047188100       2.4440000       12.122900
      -3.1220000       3.3800000     0.047563000       2.4440000       12.177300
      -3.1080000       3.3800000     0.047941000       2.4480000       12.238100
      -3.0940000       3.3800000     0.048321900       2.4480000       12.314200
      -3.0800000       3.3800000     0.048705900       2.4480000       12.390600
      -3.0660000       3.3800000     0.049092900       2.4480000       12.467600
      -3.0520000       3.3800000     0.049483000       2.4480000       12.545000
      -3.0380000       3.3800000     0.049876200       2.4480000       12.623000
      -3.0240000       3.3800000     0.050272500       2.4480000       12.701400
      -3.0100000       3.3800000     0.050672000       2.4480000       12.780300
      -2.9960000       3.3800000     0.051083400       2.4480000       12.836900
      -2.9820000       3.3800000     0.051520400       2.4480000       12.836900
      -2.9680000       3.3800000     0.051961100       2.4480000       12.836900
      -2.9540000       3.3800000     0.052405600       2.4480000       12.836900
      -2.9400000       3.3800000     0.052853900       2.4480000       12.836900
      -2.9260000       3.3800000     0.053306000       2.4480000       12.836900
      -2.9120000       3.3800000     0.053762000       2.4480000       12.836900
      -2.8980000       3.3800000     0.054221900       2.4480000       12.836900
      -2.8840000       3.3800000     0.054685700       2.4480000       12.836900
      -2.8700000       3.3800000     0.055153500       2.4480000       12.836900
      -2.8560000       3.3800000     0.055625300       2.4480000       12.836900
      -2.8420000       3.3800000     0.056101100       2.4480000       12.836900
      -2.8280000       3.3800000     0.056581000       2.4480000       12.836900
      -2.8140000       3.3800000     0.057065100       2.4480000       12.836900
      -2.8000000       3.3800000     0.057553200       2.4480000       12.836900
      -2.7860000       3.3800000     0.058045500       2.4480000       12.836900
      -2.7720000       3.3800000     0.058542000       2.4480000       12.836900
      -2.7580000       3.3800000     0.059042800       2.4480000       12.836900
      -2.7440000       3.3800000     0.059547900       2.4480000       12.836900
      -2.7300000       3.3800000     0.060057300       2.4480000       12.836900
      -2.7160000       3.3800000     0.060571000       2.4480000       12.836900
      -2.7020000       3.3800000     0.061089100       2.4480000       12.836900
      -2.6880000       3.3800000     0.061611700       2.4480000       12.836900
      -2.6740000       3.3800000     0.062138700       2.4480000       12.836900
      -2.6600000       3.3800000     0.062670300       2.4480000       12.836900
      -2.6460000       3.3800000     0.063206400       2.4480000       12.836900
      -2.6320000       3.3800000     0.063747100       2.4480000       12.836900
      -2.6180000       3.3800000     0.064292400       2.4480000       12.836900
      -2.6040000       3.3800000     0.064842300       2.4480000       12.836900
      -2.5900000       3.3800000     0.065397000       2.4480000       12.836900
      -2.5760000       3.3800000     0.065956400       2.4480000       12.836900
      -2.5620000       3.3800000     0.066520600       2.4480000       12.836900
      -2.5480000       3.3800000     0.067089600       2.4480000       12.836900
      -2.5340000       3.3800000     0.067663500       2.4480000       12.836900
      -2.5200000       3.3800000     0.068242400       2.4480000       12.836900
      -2.5060000       3.3800000     0.068826100       2.4480000       12.836900
      -2.4920000       3.3800000     0.069414900       2.4480000       12.836900
      -2.4780000       3.3800000     0.070008600       2.4480000       12.836900
      -2.4640000       3.3800000     0.070607500       2.4480000       12.836900
      -2.4500000       3.3800000     0.071211500       2.4480000       12.836900
      -2.4360000       3.3800000     0.071820600       2.4480000       12.836900
      -2.4220000       3.3800000     0.072435000       2.4480000       12.836900
      -2.4080000       3.3800000     0.073054600       2.4480000       12.836900
      -2.3940000       3.3800000     0.073679600       2.4480000       12.836900
      -2.3800000       3.3800000     0.074309800       2.4480000       12.836900
      -2.3660000       3.3800000     0.074945500       2.4480000       12.836900
      -2.3520000       3.3800000     0.075586600       2.4480000       12.836900
      -2.3380000       3.3800000     0.076233200       2.4480000       12.836900
      -2.3240000       3.3800000     0.076885300       2.4480000       12.836900
      -2.3100000       3.3800000     0.077543000       2.4480000       12.836900
      -2.2960000       3.3800000     0.078206300       2.4480000       12.836900
      -2.2820000       3.3800000     0.078875300       2.4480000       12.836900
      -2.2680000       3.3800000     0.079550000       2.4480000       12.836900
      -2.2540000       3.3800000     0.080230500       2.4480000       12.836900
      -2.2400000       3.3800000     0.080916800       2.4480000       12.836900
      -2.2260000       3.3800000     0.081608900       2.4480000       12.836900
      -2.2120000       3.3800000     0.082307100       2.4480000       12.836900
      -2.1980000       3.3800000     0.083011100       2.4480000       12.836900
      -2.1840000       3.3800000     0.083721200       2.4480000       12.836900
      -2.1700000       3.3800000     0.084437400       2.4480000       12.836900
      -2.1560000       3.3800000     0.085159700       2.4480000       12.836900
      -2.1420000       3.3800000     0.085888100       2.4480000       12.836900
      -2.1280000       3.3800000     0.086622800       2.4480000       12.836900
      -2.1140000       3.3800000     0.087363800       2.4480000       12.836900
      -2.1000000       3.3800000     0.088111100       2.4480000       12.836900
      -2.0860000       3.3800000     0.088864900       2.4480000       12.836900
      -2.0720000       3.3800000     0.089625000       2.4480000       12.836900
      -2.0580000       3.3800000     0.090391700       2.4480000       12.836900
      -2.0440000       3.3800000     0.091164900       2.4480000       12.836900
      -2.0300000       3.3800000     0.091944800       2.4480000       12.836900
      -2.0160000       3.3800000     0.092731300       2.4480000       12.836900
      -2.0020000       3.3800000     0.093524500       2.4480000       12.836900
      -1.9880000       3.3800000     0.095719900       2.4480000       12.836900
      -1.9740000       3.3800000     0.098206800       2.4480000       12.836900
      -1.9600000       3.3800000      0.10075800       2.4480000       12.836900
      -1.9460000       3.3800000      0.10337600       2.4480000       12.836900
      -1.9320000       3.3800000      0.10606200       2.4480000       12.836900
      -1.9180000       3.3800000      0.10881800       2.4480000       12.836900
      -1.9040000       3.3800000      0.11164500       2.4480000       12.836900
      -1.8900000       3.3800000      0.11454600       2.4480000       12.836900
      -1.8760000       3.3800000      0.11752200       2.4480000       12.836900
      -1.8620000       3.3800000      0.12057500       2.4480000       12.836900
      -1.8480000       3.3800000      0.12370800       2.4480000       12.836900
      -1.8340000       3.3800000      0.12692200       2.4480000       12.836900
      -1.8200000       3.3800000      0.13022000       2.4480000       12.836900
      -1.8060000       3.3800000      0.13360300       2.4480000       12.836900
      -1.7920000       3.3800000      0.13707400       2.4480000       12.836900
      -1.7780000       3.3800000      0.14063600       2.4480000       12.836900
      -1.7640000       3.3800000      0.14429000       2.4480000       12.836900
      -1.7500000       3.3800000      0.14803900       2.4480000       12.836900
      -1.7360000       3.3800000      0.15188500       2.4480000       12.836900
      -1.7220000       3.3800000      0.15583100       2.4480000       12.836900
      -1.7080000       3.3800000      0.15988000       2.4480000       12.836900
      -1.6940000       3.3800000      0.16403400       2.4480000       12.836900
      -1.6800000       3.3800000      0.16829600       2.4480000       12.836900
      -1.6660000       3.3800000      0.17266800       2.4480000       12.836900
      -1.6520000       3.3800000      0.17715500       2.4480000       12.836900
      -1.6380000       3.3800000      0.18175700       2.4480000       12.836900
      -1.6240000       3.3800000      0.18648000       2.4480000       12.836900
      -1.6100000       3.3800000      0.19132500       2.4480000       12.836900
      -1.5960000       3.3800000      0.19629600       2.4480000       12.836900
      -1.5820000       3.3800000      0.20139600       2.4480000       12.836900
      -1.5680000       3.3800000      0.20662800       2.4480000       12.836900
      -1.5540000       3.3800000      0.21199700       2.4480000       12.836900
      -1.5400000       3.3800000      0.21750500       2.4480000       12.836900
      -1.5260000       3.3800000      0.22315600       2.4480000       12.836900
      -1.5120000       3.3800000      0.22895400       2.4480000       12.836900
      -1.4980000       3.3800000      0.23490300       2.4480000       12.836900
      -1.4840000       3.3800000      0.24100600       2.4480000       12.836900
      -1.4700000       3.3800000      0.24726800       2.4480000       12.836900
      -1.4560000       3.3800000      0.25369200       2.4480000       12.836900
      -1.4420000       3.3800000      0.26028300       2.4480000       12.836900
      -1.4280000       3.3800000      0.26704600       2.4480000       12.836900
      -1.4140000       3.3800000      0.27398400       2.4480000       12.836900
      -1.4000000       3.3800000      0.28110300       2.4480000       12.836900
      -1.3860000       3.3800000      0.28840600       2.4480000       12.836900
      -1.3720000       3.3800000      0.29590000       2.4480000       12.836900
      -1.3580000       3.4000000      0.29707500       2.4480000       12.836900
      -1.3440000       3.4000000      0.29794000       2.4480000       12.836900
      -1.3300000       3.4000000      0.29880800       2.4480000       12.836900
      -1.3160000       3.4000000      0.29967800       2.4480000       12.836900
      -1.3020000       3.4000000      0.30055000       2.4480000       12.836900
      -1.2880000       3.4000000      0.30142500       2.4480000       12.836900
      -1.2740000       3.4000000      0.30230200       2.4480000       12.836900
      -1.2600000       3.4000000      0.30318200       2.4480000       12.836900
      -1.2460000       3.4000000      0.30406500       2.4480000       12.836900
      -1.2320000       3.4000000      0.30495000       2.4480000       12.836900
      -1.2180000       3.4000000      0.30583800       2.4480000       12.836900
      -1.2040000       3.4000000      0.30672800       2.4480000       12.836900
      -1.1900000       3.4000000      0.30762100       2.4480000       12.836900
      -1.1760000       3.4000000      0.30851700       2.4480000       12.836900
      -1.1620000       3.4000000      0.30941500       2.4480000       12.836900
      -1.1480000       3.4000000      0.31031600       2.4480000       12.836900
      -1.1340000       3.4000000      0.31121900       2.4480000       12.836900
      -1.1200000       3.4000000      0.31212500       2.4480000       12.836900
      -1.1060000       3.4000000      0.31303400       2.4480000       12.836900
      -1.0920000       3.4000000      0.31394500       2.4480000       12.836900
      -1.0780000       3.4000000      0.31485900       2.4480000       12.836900
      -1.0640000       3.4000000      0.31577600       2.4480000       12.836900
      -1.0500000       3.4000000      0.31669500       2.4480000       12.836900
      -1.0360000       3.4000000      0.31761700       2.4480000       12.836900
      -1.0220000       3.4000000      0.31854200       2.4480000       12.836900
      -1.0080000       3.4000000      0.31946900       2.4480000       12.836900
     -0.99400000       3.4000000      0.32042900       2.4480000       12.818300
     -0.98000000       3.4000000      0.32143100       2.4480000       12.775000
     -0.96600000       3.4000000      0.32243700       2.4480000       12.731800
     -0.95200000       3.4000000      0.32344600       2.4480000       12.688800
     -0.93800000       3.4000000      0.32445800       2.4480000       12.645900
     -0.92400000       3.4000000      0.32547300       2.4480000       12.603200
     -0.91000000       3.4000000      0.32649100       2.4480000       12.560600
     -0.89600000       3.4000000      0.32751300       2.4760000       12.558400
     -0.88200000       3.4000000      0.32853800       2.4760000       12.556800
     -0.86800000       3.4000000      0.32956600       2.4760000       12.555200
     -0.85400000       3.4000000      0.33059700       2.4760000       12.553600
     -0.84000000       3.4000000      0.33163100       2.4760000       12.552000
     -0.82600000       3.4000000      0.33266900       2.4760000       12.550400
     -0.81200000       3.4000000      0.33371000       2.4760000       12.548800
     -0.79800000       3.4000000      0.33475400       2.4760000       12.547200
     -0.78400000       3.4000000      0.33580100       2.4760000       12.545600
     -0.77000000       3.4000000      0.33685200       2.4760000       12.544000
     -0.75600000       3.4000000      0.33790600       2.4760000       12.542400
     -0.74200000       3.4000000      0.33896300       2.4760000       12.540800
     -0.72800000       3.4000000      0.34002400       2.4760000       12.539200
     -0.71400000       3.4000000      0.34108800       2.4760000       12.537600
     -0.70000000       3.4000000      0.34215500       2.4760000       12.536000
     -0.68600000       3.4000000      0.34322600       2.4760000       12.534400
     -0.67200000       3.4000000      0.34430000       2.4760000       12.532800
     -0.65800000       3.4000000      0.34537700       2.4760000       12.531100
     -0.64400000       3.4000000      0.34645700       2.4800000       12.529700
     -0.63000000       3.4000000      0.34754200       2.4800000       12.529700
     -0.61600000       3.4000000      0.34862900       2.4800000       12.529700
     -0.60200000       3.4000000      0.34972000       2.4800000       12.529700
     -0.58800000       3.4000000      0.35081400       2.4800000       12.529700
     -0.57400000       3.4000000      0.35191200       2.4800000       12.529700
     -0.56000000       3.4000000      0.35301300       2.4800000       12.529700
     -0.54600000       3.4000000      0.35411700       2.4800000       12.529700
     -0.53200000       3.4000000      0.35522500       2.4800000       12.529700
     -0.51800000       3.4000000      0.35633700       2.4800000       12.529700
     -0.50400000       3.4000000      0.35745200       2.4800000       12.529700
     -0.49000000       3.4000000      0.35857000       2.4800000       12.529700
     -0.47600000       3.4000000      0.35969200       2.4800000       12.529700
     -0.46200000       3.4000000      0.36081700       2.4800000       12.529700
     -0.44800000       3.4000000      0.36194600       2.4800000       12.529700
     -0.43400000       3.4000000      0.36307900       2.4800000       12.529700
     -0.42000000       3.4000000      0.36421500       2.4800000       12.529700
     -0.40600000       3.4000000      0.36535500       2.4800000       12.529700
     -0.39200000       3.4000000      0.36649800       2.4800000       12.529700
     -0.37800000       3.4000000      0.36764400       2.4800000       12.529700
     -0.36400000       3.4000000      0.36879500       2.4800000       12.529700
     -0.35000000       3.4000000      0.36994900       2.4800000       12.529700
     -0.33600000       3.4000000      0.37110600       2.4800000       12.529700
     -0.32200000       3.4000000      0.37226700       2.4800000       12.529700
     -0.30800000       3.4000000      0.37343200       2.4800000       12.529700
     -0.29400000       3.4000000      0.37460100       2.4800000       12.529700
     -0.28000000       3.4000000      0.37577300       2.4800000       12.529700
     -0.26600000       3.4000000      0.37694800       2.4800000       12.529700
     -0.25200000       3.4000000      0.37812800       2.4800000       12.529700
     -0.23800000       3.4000000      0.37931100       2.4800000       12.529700
     -0.22400000       3.4000000      0.38049800       2.4800000       12.529700
     -0.21000000       3.4000000      0.38168800       2.4800000       12.529700
     -0.19600000       3.4000000      0.38288300       2.4800000       12.529700
     -0.18200000       3.4000000      0.38408100       2.4800000       12.529700
     -0.16800000       3.4000000      0.38528200       2.4800000       12.529700
     -0.15400000       3.4000000      0.38648800       2.4800000       12.529700
     -0.14000000       3.4000000      0.38769700       2.4800000       12.529700
     -0.12600000       3.4000000      0.38891000       2.4800000       12.529700
     -0.11200000       3.4000000      0.39012700       2.4800000       12.529700
    -0.098000000       3.4000000      0.39134800       2.4800000       12.529700
    -0.084000000       3.4000000      0.39257200       2.4800000       12.529700
    -0.070000000       3.4000000      0.39380100       2.4800000       12.529700
    -0.056000000       3.4000000      0.39503300       2.4800000       12.529700
    -0.042000000       3.4000000      0.39626900       2.4800000       12.529700
    -0.028000000       3.4000000      0.39750900       2.4800000       12.529700
    -0.014000000       3.4000000      0.39875200       2.4800000       12.529700
       0.0000000       3.4000000      0.40000000       2.4800000       12.529700
