         192
 1.43584E-01  1.43584E-01  9.79167E-01
-1.43584E-01  1.43584E-01  9.79167E-01
-1.43584E-01 -1.43584E-01  9.79167E-01
 1.43584E-01 -1.43584E-01  9.79167E-01
 3.69231E-01  1.52940E-01  9.16667E-01
 1.52940E-01  3.69231E-01  9.16667E-01
-1.52940E-01  3.69231E-01  9.16667E-01
-3.69231E-01  1.52940E-01  9.16667E-01
-3.69231E-01 -1.52940E-01  9.16667E-01
-1.52940E-01 -3.69231E-01  9.16667E-01
 1.52940E-01 -3.69231E-01  9.16667E-01
 3.69231E-01 -1.52940E-01  9.16667E-01
 5.63097E-01  1.50881E-01  8.12500E-01
 4.12216E-01  4.12216E-01  8.12500E-01
 1.50881E-01  5.63097E-01  8.12500E-01
-1.50881E-01  5.63097E-01  8.12500E-01
-4.12216E-01  4.12216E-01  8.12500E-01
-5.63097E-01  1.50881E-01  8.12500E-01
-5.63097E-01 -1.50881E-01  8.12500E-01
-4.12216E-01 -4.12216E-01  8.12500E-01
-1.50881E-01 -5.63097E-01  8.12500E-01
 1.50881E-01 -5.63097E-01  8.12500E-01
 4.12216E-01 -4.12216E-01  8.12500E-01
 5.63097E-01 -1.50881E-01  8.12500E-01
 7.31034E-01  1.45412E-01  6.66667E-01
 6.19741E-01  4.14098E-01  6.66667E-01
 4.14098E-01  6.19741E-01  6.66667E-01
 1.45412E-01  7.31034E-01  6.66667E-01
-1.45412E-01  7.31034E-01  6.66667E-01
-4.14098E-01  6.19741E-01  6.66667E-01
-6.19741E-01  4.14098E-01  6.66667E-01
-7.31034E-01  1.45412E-01  6.66667E-01
-7.31034E-01 -1.45412E-01  6.66667E-01
-6.19741E-01 -4.14098E-01  6.66667E-01
-4.14098E-01 -6.19741E-01  6.66667E-01
-1.45412E-01 -7.31034E-01  6.66667E-01
 1.45412E-01 -7.31034E-01  6.66667E-01
 4.14098E-01 -6.19741E-01  6.66667E-01
 6.19741E-01 -4.14098E-01  6.66667E-01
 7.31034E-01 -1.45412E-01  6.66667E-01
 8.66025E-01  0.00000E+00  5.00000E-01
 8.00103E-01  3.31414E-01  5.00000E-01
 6.12372E-01  6.12372E-01  5.00000E-01
 3.31414E-01  8.00103E-01  5.00000E-01
 5.30288E-17  8.66025E-01  5.00000E-01
-3.31414E-01  8.00103E-01  5.00000E-01
-6.12372E-01  6.12372E-01  5.00000E-01
-8.00103E-01  3.31414E-01  5.00000E-01
-8.66025E-01  1.06058E-16  5.00000E-01
-8.00103E-01 -3.31414E-01  5.00000E-01
-6.12372E-01 -6.12372E-01  5.00000E-01
-3.31414E-01 -8.00103E-01  5.00000E-01
-1.59086E-16 -8.66025E-01  5.00000E-01
 3.31414E-01 -8.00103E-01  5.00000E-01
 6.12372E-01 -6.12372E-01  5.00000E-01
 8.00103E-01 -3.31414E-01  5.00000E-01
 9.24693E-01  1.83933E-01  3.33333E-01
 7.83917E-01  5.23797E-01  3.33333E-01
 5.23797E-01  7.83917E-01  3.33333E-01
 1.83933E-01  9.24693E-01  3.33333E-01
-1.83933E-01  9.24693E-01  3.33333E-01
-5.23797E-01  7.83917E-01  3.33333E-01
-7.83917E-01  5.23797E-01  3.33333E-01
-9.24693E-01  1.83933E-01  3.33333E-01
-9.24693E-01 -1.83933E-01  3.33333E-01
-7.83917E-01 -5.23797E-01  3.33333E-01
-5.23797E-01 -7.83917E-01  3.33333E-01
-1.83933E-01 -9.24693E-01  3.33333E-01
 1.83933E-01 -9.24693E-01  3.33333E-01
 5.23797E-01 -7.83917E-01  3.33333E-01
 7.83917E-01 -5.23797E-01  3.33333E-01
 9.24693E-01 -1.83933E-01  3.33333E-01
 9.86013E-01  0.00000E+00  1.66667E-01
 9.10958E-01  3.77331E-01  1.66667E-01
 6.97217E-01  6.97217E-01  1.66667E-01
 3.77331E-01  9.10958E-01  1.66667E-01
 6.03759E-17  9.86013E-01  1.66667E-01
-3.77331E-01  9.10958E-01  1.66667E-01
-6.97217E-01  6.97217E-01  1.66667E-01
-9.10958E-01  3.77331E-01  1.66667E-01
-9.86013E-01  1.20752E-16  1.66667E-01
-9.10958E-01 -3.77331E-01  1.66667E-01
-6.97217E-01 -6.97217E-01  1.66667E-01
-3.77331E-01 -9.10958E-01  1.66667E-01
-1.81128E-16 -9.86013E-01  1.66667E-01
 3.77331E-01 -9.10958E-01  1.66667E-01
 6.97217E-01 -6.97217E-01  1.66667E-01
 9.10958E-01 -3.77331E-01  1.66667E-01
 9.80785E-01  1.95090E-01  0.00000E+00
 8.31470E-01  5.55570E-01  0.00000E+00
 5.55570E-01  8.31470E-01  0.00000E+00
 1.95090E-01  9.80785E-01  0.00000E+00
-1.95090E-01  9.80785E-01  0.00000E+00
-5.55570E-01  8.31470E-01  0.00000E+00
-8.31470E-01  5.55570E-01  0.00000E+00
-9.80785E-01  1.95090E-01  0.00000E+00
-9.80785E-01 -1.95090E-01  0.00000E+00
-8.31470E-01 -5.55570E-01  0.00000E+00
-5.55570E-01 -8.31470E-01  0.00000E+00
-1.95090E-01 -9.80785E-01  0.00000E+00
 1.95090E-01 -9.80785E-01  0.00000E+00
 5.55570E-01 -8.31470E-01  0.00000E+00
 8.31470E-01 -5.55570E-01  0.00000E+00
 9.80785E-01 -1.95090E-01  0.00000E+00
 9.86013E-01  0.00000E+00 -1.66667E-01
 9.10958E-01  3.77331E-01 -1.66667E-01
 6.97217E-01  6.97217E-01 -1.66667E-01
 3.77331E-01  9.10958E-01 -1.66667E-01
 6.03759E-17  9.86013E-01 -1.66667E-01
-3.77331E-01  9.10958E-01 -1.66667E-01
-6.97217E-01  6.97217E-01 -1.66667E-01
-9.10958E-01  3.77331E-01 -1.66667E-01
-9.86013E-01  1.20752E-16 -1.66667E-01
-9.10958E-01 -3.77331E-01 -1.66667E-01
-6.97217E-01 -6.97217E-01 -1.66667E-01
-3.77331E-01 -9.10958E-01 -1.66667E-01
-1.81128E-16 -9.86013E-01 -1.66667E-01
 3.77331E-01 -9.10958E-01 -1.66667E-01
 6.97217E-01 -6.97217E-01 -1.66667E-01
 9.10958E-01 -3.77331E-01 -1.66667E-01
 9.24693E-01  1.83933E-01 -3.33333E-01
 7.83917E-01  5.23797E-01 -3.33333E-01
 5.23797E-01  7.83917E-01 -3.33333E-01
 1.83933E-01  9.24693E-01 -3.33333E-01
-1.83933E-01  9.24693E-01 -3.33333E-01
-5.23797E-01  7.83917E-01 -3.33333E-01
-7.83917E-01  5.23797E-01 -3.33333E-01
-9.24693E-01  1.83933E-01 -3.33333E-01
-9.24693E-01 -1.83933E-01 -3.33333E-01
-7.83917E-01 -5.23797E-01 -3.33333E-01
-5.23797E-01 -7.83917E-01 -3.33333E-01
-1.83933E-01 -9.24693E-01 -3.33333E-01
 1.83933E-01 -9.24693E-01 -3.33333E-01
 5.23797E-01 -7.83917E-01 -3.33333E-01
 7.83917E-01 -5.23797E-01 -3.33333E-01
 9.24693E-01 -1.83933E-01 -3.33333E-01
 8.66025E-01  0.00000E+00 -5.00000E-01
 8.00103E-01  3.31414E-01 -5.00000E-01
 6.12372E-01  6.12372E-01 -5.00000E-01
 3.31414E-01  8.00103E-01 -5.00000E-01
 5.30288E-17  8.66025E-01 -5.00000E-01
-3.31414E-01  8.00103E-01 -5.00000E-01
-6.12372E-01  6.12372E-01 -5.00000E-01
-8.00103E-01  3.31414E-01 -5.00000E-01
-8.66025E-01  1.06058E-16 -5.00000E-01
-8.00103E-01 -3.31414E-01 -5.00000E-01
-6.12372E-01 -6.12372E-01 -5.00000E-01
-3.31414E-01 -8.00103E-01 -5.00000E-01
-1.59086E-16 -8.66025E-01 -5.00000E-01
 3.31414E-01 -8.00103E-01 -5.00000E-01
 6.12372E-01 -6.12372E-01 -5.00000E-01
 8.00103E-01 -3.31414E-01 -5.00000E-01
 7.31034E-01  1.45412E-01 -6.66667E-01
 6.19741E-01  4.14098E-01 -6.66667E-01
 4.14098E-01  6.19741E-01 -6.66667E-01
 1.45412E-01  7.31034E-01 -6.66667E-01
-1.45412E-01  7.31034E-01 -6.66667E-01
-4.14098E-01  6.19741E-01 -6.66667E-01
-6.19741E-01  4.14098E-01 -6.66667E-01
-7.31034E-01  1.45412E-01 -6.66667E-01
-7.31034E-01 -1.45412E-01 -6.66667E-01
-6.19741E-01 -4.14098E-01 -6.66667E-01
-4.14098E-01 -6.19741E-01 -6.66667E-01
-1.45412E-01 -7.31034E-01 -6.66667E-01
 1.45412E-01 -7.31034E-01 -6.66667E-01
 4.14098E-01 -6.19741E-01 -6.66667E-01
 6.19741E-01 -4.14098E-01 -6.66667E-01
 7.31034E-01 -1.45412E-01 -6.66667E-01
 5.63097E-01  1.50881E-01 -8.12500E-01
 4.12216E-01  4.12216E-01 -8.12500E-01
 1.50881E-01  5.63097E-01 -8.12500E-01
-1.50881E-01  5.63097E-01 -8.12500E-01
-4.12216E-01  4.12216E-01 -8.12500E-01
-5.63097E-01  1.50881E-01 -8.12500E-01
-5.63097E-01 -1.50881E-01 -8.12500E-01
-4.12216E-01 -4.12216E-01 -8.12500E-01
-1.50881E-01 -5.63097E-01 -8.12500E-01
 1.50881E-01 -5.63097E-01 -8.12500E-01
 4.12216E-01 -4.12216E-01 -8.12500E-01
 5.63097E-01 -1.50881E-01 -8.12500E-01
 3.69231E-01  1.52940E-01 -9.16667E-01
 1.52940E-01  3.69231E-01 -9.16667E-01
-1.52940E-01  3.69231E-01 -9.16667E-01
-3.69231E-01  1.52940E-01 -9.16667E-01
-3.69231E-01 -1.52940E-01 -9.16667E-01
-1.52940E-01 -3.69231E-01 -9.16667E-01
 1.52940E-01 -3.69231E-01 -9.16667E-01
 3.69231E-01 -1.52940E-01 -9.16667E-01
 1.43584E-01  1.43584E-01 -9.79167E-01
-1.43584E-01  1.43584E-01 -9.79167E-01
-1.43584E-01 -1.43584E-01 -9.79167E-01
 1.43584E-01 -1.43584E-01 -9.79167E-01
