          48
 2.82597E-01  2.82597E-01  9.16667E-01
-2.82597E-01  2.82597E-01  9.16667E-01
-2.82597E-01 -2.82597E-01  9.16667E-01
 2.82597E-01 -2.82597E-01  9.16667E-01
 6.88619E-01  2.85235E-01  6.66667E-01
 2.85235E-01  6.88619E-01  6.66667E-01
-2.85235E-01  6.88619E-01  6.66667E-01
-6.88619E-01  2.85235E-01  6.66667E-01
-6.88619E-01 -2.85235E-01  6.66667E-01
-2.85235E-01 -6.88619E-01  6.66667E-01
 2.85235E-01 -6.88619E-01  6.66667E-01
 6.88619E-01 -2.85235E-01  6.66667E-01
 9.42809E-01  0.00000E+00  3.33333E-01
 6.66667E-01  6.66667E-01  3.33333E-01
 5.77304E-17  9.42809E-01  3.33333E-01
-6.66667E-01  6.66667E-01  3.33333E-01
-9.42809E-01  1.15461E-16  3.33333E-01
-6.66667E-01 -6.66667E-01  3.33333E-01
-1.73191E-16 -9.42809E-01  3.33333E-01
 6.66667E-01 -6.66667E-01  3.33333E-01
 9.23880E-01  3.82683E-01  0.00000E+00
 3.82683E-01  9.23880E-01  0.00000E+00
-3.82683E-01  9.23880E-01  0.00000E+00
-9.23880E-01  3.82683E-01  0.00000E+00
-9.23880E-01 -3.82683E-01  0.00000E+00
-3.82683E-01 -9.23880E-01  0.00000E+00
 3.82683E-01 -9.23880E-01  0.00000E+00
 9.23880E-01 -3.82683E-01  0.00000E+00
 9.42809E-01  0.00000E+00 -3.33333E-01
 6.66667E-01  6.66667E-01 -3.33333E-01
 5.77304E-17  9.42809E-01 -3.33333E-01
-6.66667E-01  6.66667E-01 -3.33333E-01
-9.42809E-01  1.15461E-16 -3.33333E-01
-6.66667E-01 -6.66667E-01 -3.33333E-01
-1.73191E-16 -9.42809E-01 -3.33333E-01
 6.66667E-01 -6.66667E-01 -3.33333E-01
 6.88619E-01  2.85235E-01 -6.66667E-01
 2.85235E-01  6.88619E-01 -6.66667E-01
-2.85235E-01  6.88619E-01 -6.66667E-01
-6.88619E-01  2.85235E-01 -6.66667E-01
-6.88619E-01 -2.85235E-01 -6.66667E-01
-2.85235E-01 -6.88619E-01 -6.66667E-01
 2.85235E-01 -6.88619E-01 -6.66667E-01
 6.88619E-01 -2.85235E-01 -6.66667E-01
 2.82597E-01  2.82597E-01 -9.16667E-01
-2.82597E-01  2.82597E-01 -9.16667E-01
-2.82597E-01 -2.82597E-01 -9.16667E-01
 2.82597E-01 -2.82597E-01 -9.16667E-01
