         768
 7.20748E-02  7.20748E-02  9.94792E-01
-7.20748E-02  7.20748E-02  9.94792E-01
-7.20748E-02 -7.20748E-02  9.94792E-01
 7.20748E-02 -7.20748E-02  9.94792E-01
 1.87601E-01  7.77070E-02  9.79167E-01
 7.77070E-02  1.87601E-01  9.79167E-01
-7.77070E-02  1.87601E-01  9.79167E-01
-1.87601E-01  7.77070E-02  9.79167E-01
-1.87601E-01 -7.77070E-02  9.79167E-01
-7.77070E-02 -1.87601E-01  9.79167E-01
 7.77070E-02 -1.87601E-01  9.79167E-01
 1.87601E-01 -7.77070E-02  9.79167E-01
 2.92267E-01  7.83126E-02  9.53125E-01
 2.13954E-01  2.13954E-01  9.53125E-01
 7.83126E-02  2.92267E-01  9.53125E-01
-7.83126E-02  2.92267E-01  9.53125E-01
-2.13954E-01  2.13954E-01  9.53125E-01
-2.92267E-01  7.83126E-02  9.53125E-01
-2.92267E-01 -7.83126E-02  9.53125E-01
-2.13954E-01 -2.13954E-01  9.53125E-01
-7.83126E-02 -2.92267E-01  9.53125E-01
 7.83126E-02 -2.92267E-01  9.53125E-01
 2.13954E-01 -2.13954E-01  9.53125E-01
 2.92267E-01 -7.83126E-02  9.53125E-01
 3.91973E-01  7.79684E-02  9.16667E-01
 3.32299E-01  2.22035E-01  9.16667E-01
 2.22035E-01  3.32299E-01  9.16667E-01
 7.79684E-02  3.91973E-01  9.16667E-01
-7.79684E-02  3.91973E-01  9.16667E-01
-2.22035E-01  3.32299E-01  9.16667E-01
-3.32299E-01  2.22035E-01  9.16667E-01
-3.91973E-01  7.79684E-02  9.16667E-01
-3.91973E-01 -7.79684E-02  9.16667E-01
-3.32299E-01 -2.22035E-01  9.16667E-01
-2.22035E-01 -3.32299E-01  9.16667E-01
-7.79684E-02 -3.91973E-01  9.16667E-01
 7.79684E-02 -3.91973E-01  9.16667E-01
 2.22035E-01 -3.32299E-01  9.16667E-01
 3.32299E-01 -2.22035E-01  9.16667E-01
 3.91973E-01 -7.79684E-02  9.16667E-01
 4.87344E-01  7.71878E-02  8.69792E-01
 4.39640E-01  2.24008E-01  8.69792E-01
 3.48900E-01  3.48900E-01  8.69792E-01
 2.24008E-01  4.39640E-01  8.69792E-01
 7.71878E-02  4.87344E-01  8.69792E-01
-7.71878E-02  4.87344E-01  8.69792E-01
-2.24008E-01  4.39640E-01  8.69792E-01
-3.48900E-01  3.48900E-01  8.69792E-01
-4.39640E-01  2.24008E-01  8.69792E-01
-4.87344E-01  7.71878E-02  8.69792E-01
-4.87344E-01 -7.71878E-02  8.69792E-01
-4.39640E-01 -2.24008E-01  8.69792E-01
-3.48900E-01 -3.48900E-01  8.69792E-01
-2.24008E-01 -4.39640E-01  8.69792E-01
-7.71878E-02 -4.87344E-01  8.69792E-01
 7.71878E-02 -4.87344E-01  8.69792E-01
 2.24008E-01 -4.39640E-01  8.69792E-01
 3.48900E-01 -3.48900E-01  8.69792E-01
 4.39640E-01 -2.24008E-01  8.69792E-01
 4.87344E-01 -7.71878E-02  8.69792E-01
 5.77974E-01  7.60917E-02  8.12500E-01
 5.38586E-01  2.23090E-01  8.12500E-01
 4.62494E-01  3.54884E-01  8.12500E-01
 3.54884E-01  4.62494E-01  8.12500E-01
 2.23090E-01  5.38586E-01  8.12500E-01
 7.60917E-02  5.77974E-01  8.12500E-01
-7.60917E-02  5.77974E-01  8.12500E-01
-2.23090E-01  5.38586E-01  8.12500E-01
-3.54884E-01  4.62494E-01  8.12500E-01
-4.62494E-01  3.54884E-01  8.12500E-01
-5.38586E-01  2.23090E-01  8.12500E-01
-5.77974E-01  7.60917E-02  8.12500E-01
-5.77974E-01 -7.60917E-02  8.12500E-01
-5.38586E-01 -2.23090E-01  8.12500E-01
-4.62494E-01 -3.54884E-01  8.12500E-01
-3.54884E-01 -4.62494E-01  8.12500E-01
-2.23090E-01 -5.38586E-01  8.12500E-01
-7.60917E-02 -5.77974E-01  8.12500E-01
 7.60917E-02 -5.77974E-01  8.12500E-01
 2.23090E-01 -5.38586E-01  8.12500E-01
 3.54884E-01 -4.62494E-01  8.12500E-01
 4.62494E-01 -3.54884E-01  8.12500E-01
 5.38586E-01 -2.23090E-01  8.12500E-01
 5.77974E-01 -7.60917E-02  8.12500E-01
 6.63101E-01  7.47136E-02  7.44792E-01
 6.29851E-01  2.20394E-01  7.44792E-01
 5.65017E-01  3.55023E-01  7.44792E-01
 4.71850E-01  4.71850E-01  7.44792E-01
 3.55023E-01  5.65017E-01  7.44792E-01
 2.20394E-01  6.29851E-01  7.44792E-01
 7.47136E-02  6.63101E-01  7.44792E-01
-7.47136E-02  6.63101E-01  7.44792E-01
-2.20394E-01  6.29851E-01  7.44792E-01
-3.55023E-01  5.65017E-01  7.44792E-01
-4.71850E-01  4.71850E-01  7.44792E-01
-5.65017E-01  3.55023E-01  7.44792E-01
-6.29851E-01  2.20394E-01  7.44792E-01
-6.63101E-01  7.47136E-02  7.44792E-01
-6.63101E-01 -7.47136E-02  7.44792E-01
-6.29851E-01 -2.20394E-01  7.44792E-01
-5.65017E-01 -3.55023E-01  7.44792E-01
-4.71850E-01 -4.71850E-01  7.44792E-01
-3.55023E-01 -5.65017E-01  7.44792E-01
-2.20394E-01 -6.29851E-01  7.44792E-01
-7.47136E-02 -6.63101E-01  7.44792E-01
 7.47136E-02 -6.63101E-01  7.44792E-01
 2.20394E-01 -6.29851E-01  7.44792E-01
 3.55023E-01 -5.65017E-01  7.44792E-01
 4.71850E-01 -4.71850E-01  7.44792E-01
 5.65017E-01 -3.55023E-01  7.44792E-01
 6.29851E-01 -2.20394E-01  7.44792E-01
 6.63101E-01 -7.47136E-02  7.44792E-01
 7.41767E-01  7.30577E-02  6.66667E-01
 7.13261E-01  2.16365E-01  6.66667E-01
 6.57345E-01  3.51358E-01  6.66667E-01
 5.76168E-01  4.72849E-01  6.66667E-01
 4.72849E-01  5.76168E-01  6.66667E-01
 3.51358E-01  6.57345E-01  6.66667E-01
 2.16365E-01  7.13261E-01  6.66667E-01
 7.30577E-02  7.41767E-01  6.66667E-01
-7.30577E-02  7.41767E-01  6.66667E-01
-2.16365E-01  7.13261E-01  6.66667E-01
-3.51358E-01  6.57345E-01  6.66667E-01
-4.72849E-01  5.76168E-01  6.66667E-01
-5.76168E-01  4.72849E-01  6.66667E-01
-6.57345E-01  3.51358E-01  6.66667E-01
-7.13261E-01  2.16365E-01  6.66667E-01
-7.41767E-01  7.30577E-02  6.66667E-01
-7.41767E-01 -7.30577E-02  6.66667E-01
-7.13261E-01 -2.16365E-01  6.66667E-01
-6.57345E-01 -3.51358E-01  6.66667E-01
-5.76168E-01 -4.72849E-01  6.66667E-01
-4.72849E-01 -5.76168E-01  6.66667E-01
-3.51358E-01 -6.57345E-01  6.66667E-01
-2.16365E-01 -7.13261E-01  6.66667E-01
-7.30577E-02 -7.41767E-01  6.66667E-01
 7.30577E-02 -7.41767E-01  6.66667E-01
 2.16365E-01 -7.13261E-01  6.66667E-01
 3.51358E-01 -6.57345E-01  6.66667E-01
 4.72849E-01 -5.76168E-01  6.66667E-01
 5.76168E-01 -4.72849E-01  6.66667E-01
 6.57345E-01 -3.51358E-01  6.66667E-01
 7.13261E-01 -2.16365E-01  6.66667E-01
 7.41767E-01 -7.30577E-02  6.66667E-01
 8.12233E-01  0.00000E+00  5.83333E-01
 7.96626E-01  1.58459E-01  5.83333E-01
 7.50405E-01  3.10828E-01  5.83333E-01
 6.75347E-01  4.51252E-01  5.83333E-01
 5.74335E-01  5.74335E-01  5.83333E-01
 4.51252E-01  6.75347E-01  5.83333E-01
 3.10828E-01  7.50405E-01  5.83333E-01
 1.58459E-01  7.96626E-01  5.83333E-01
 4.97349E-17  8.12233E-01  5.83333E-01
-1.58459E-01  7.96626E-01  5.83333E-01
-3.10828E-01  7.50405E-01  5.83333E-01
-4.51252E-01  6.75347E-01  5.83333E-01
-5.74335E-01  5.74335E-01  5.83333E-01
-6.75347E-01  4.51252E-01  5.83333E-01
-7.50405E-01  3.10828E-01  5.83333E-01
-7.96626E-01  1.58459E-01  5.83333E-01
-8.12233E-01  9.94698E-17  5.83333E-01
-7.96626E-01 -1.58459E-01  5.83333E-01
-7.50405E-01 -3.10828E-01  5.83333E-01
-6.75347E-01 -4.51252E-01  5.83333E-01
-5.74335E-01 -5.74335E-01  5.83333E-01
-4.51252E-01 -6.75347E-01  5.83333E-01
-3.10828E-01 -7.50405E-01  5.83333E-01
-1.58459E-01 -7.96626E-01  5.83333E-01
-1.49205E-16 -8.12233E-01  5.83333E-01
 1.58459E-01 -7.96626E-01  5.83333E-01
 3.10828E-01 -7.50405E-01  5.83333E-01
 4.51252E-01 -6.75347E-01  5.83333E-01
 5.74335E-01 -5.74335E-01  5.83333E-01
 6.75347E-01 -4.51252E-01  5.83333E-01
 7.50405E-01 -3.10828E-01  5.83333E-01
 7.96626E-01 -1.58459E-01  5.83333E-01
 8.61855E-01  8.48853E-02  5.00000E-01
 8.28735E-01  2.51394E-01  5.00000E-01
 7.63766E-01  4.08242E-01  5.00000E-01
 6.69447E-01  5.49401E-01  5.00000E-01
 5.49401E-01  6.69447E-01  5.00000E-01
 4.08242E-01  7.63766E-01  5.00000E-01
 2.51394E-01  8.28735E-01  5.00000E-01
 8.48853E-02  8.61855E-01  5.00000E-01
-8.48853E-02  8.61855E-01  5.00000E-01
-2.51394E-01  8.28735E-01  5.00000E-01
-4.08242E-01  7.63766E-01  5.00000E-01
-5.49401E-01  6.69447E-01  5.00000E-01
-6.69447E-01  5.49401E-01  5.00000E-01
-7.63766E-01  4.08242E-01  5.00000E-01
-8.28735E-01  2.51394E-01  5.00000E-01
-8.61855E-01  8.48853E-02  5.00000E-01
-8.61855E-01 -8.48853E-02  5.00000E-01
-8.28735E-01 -2.51394E-01  5.00000E-01
-7.63766E-01 -4.08242E-01  5.00000E-01
-6.69447E-01 -5.49401E-01  5.00000E-01
-5.49401E-01 -6.69447E-01  5.00000E-01
-4.08242E-01 -7.63766E-01  5.00000E-01
-2.51394E-01 -8.28735E-01  5.00000E-01
-8.48853E-02 -8.61855E-01  5.00000E-01
 8.48853E-02 -8.61855E-01  5.00000E-01
 2.51394E-01 -8.28735E-01  5.00000E-01
 4.08242E-01 -7.63766E-01  5.00000E-01
 5.49401E-01 -6.69447E-01  5.00000E-01
 6.69447E-01 -5.49401E-01  5.00000E-01
 7.63766E-01 -4.08242E-01  5.00000E-01
 8.28735E-01 -2.51394E-01  5.00000E-01
 8.61855E-01 -8.48853E-02  5.00000E-01
 9.09059E-01  0.00000E+00  4.16667E-01
 8.91592E-01  1.77349E-01  4.16667E-01
 8.39861E-01  3.47882E-01  4.16667E-01
 7.55855E-01  5.05046E-01  4.16667E-01
 6.42802E-01  6.42802E-01  4.16667E-01
 5.05046E-01  7.55855E-01  4.16667E-01
 3.47882E-01  8.39861E-01  4.16667E-01
 1.77349E-01  8.91592E-01  4.16667E-01
 5.56638E-17  9.09059E-01  4.16667E-01
-1.77349E-01  8.91592E-01  4.16667E-01
-3.47882E-01  8.39861E-01  4.16667E-01
-5.05046E-01  7.55855E-01  4.16667E-01
-6.42802E-01  6.42802E-01  4.16667E-01
-7.55855E-01  5.05046E-01  4.16667E-01
-8.39861E-01  3.47882E-01  4.16667E-01
-8.91592E-01  1.77349E-01  4.16667E-01
-9.09059E-01  1.11328E-16  4.16667E-01
-8.91592E-01 -1.77349E-01  4.16667E-01
-8.39861E-01 -3.47882E-01  4.16667E-01
-7.55855E-01 -5.05046E-01  4.16667E-01
-6.42802E-01 -6.42802E-01  4.16667E-01
-5.05046E-01 -7.55855E-01  4.16667E-01
-3.47882E-01 -8.39861E-01  4.16667E-01
-1.77349E-01 -8.91592E-01  4.16667E-01
-1.66991E-16 -9.09059E-01  4.16667E-01
 1.77349E-01 -8.91592E-01  4.16667E-01
 3.47882E-01 -8.39861E-01  4.16667E-01
 5.05046E-01 -7.55855E-01  4.16667E-01
 6.42802E-01 -6.42802E-01  4.16667E-01
 7.55855E-01 -5.05046E-01  4.16667E-01
 8.39861E-01 -3.47882E-01  4.16667E-01
 8.91592E-01 -1.77349E-01  4.16667E-01
 9.38269E-01  9.24114E-02  3.33333E-01
 9.02212E-01  2.73683E-01  3.33333E-01
 8.31483E-01  4.44437E-01  3.33333E-01
 7.28801E-01  5.98112E-01  3.33333E-01
 5.98112E-01  7.28801E-01  3.33333E-01
 4.44437E-01  8.31483E-01  3.33333E-01
 2.73683E-01  9.02212E-01  3.33333E-01
 9.24114E-02  9.38269E-01  3.33333E-01
-9.24114E-02  9.38269E-01  3.33333E-01
-2.73683E-01  9.02212E-01  3.33333E-01
-4.44437E-01  8.31483E-01  3.33333E-01
-5.98112E-01  7.28801E-01  3.33333E-01
-7.28801E-01  5.98112E-01  3.33333E-01
-8.31483E-01  4.44437E-01  3.33333E-01
-9.02212E-01  2.73683E-01  3.33333E-01
-9.38269E-01  9.24114E-02  3.33333E-01
-9.38269E-01 -9.24114E-02  3.33333E-01
-9.02212E-01 -2.73683E-01  3.33333E-01
-8.31483E-01 -4.44437E-01  3.33333E-01
-7.28801E-01 -5.98112E-01  3.33333E-01
-5.98112E-01 -7.28801E-01  3.33333E-01
-4.44437E-01 -8.31483E-01  3.33333E-01
-2.73683E-01 -9.02212E-01  3.33333E-01
-9.24114E-02 -9.38269E-01  3.33333E-01
 9.24114E-02 -9.38269E-01  3.33333E-01
 2.73683E-01 -9.02212E-01  3.33333E-01
 4.44437E-01 -8.31483E-01  3.33333E-01
 5.98112E-01 -7.28801E-01  3.33333E-01
 7.28801E-01 -5.98112E-01  3.33333E-01
 8.31483E-01 -4.44437E-01  3.33333E-01
 9.02212E-01 -2.73683E-01  3.33333E-01
 9.38269E-01 -9.24114E-02  3.33333E-01
 9.68246E-01  0.00000E+00  2.50000E-01
 9.49641E-01  1.88895E-01  2.50000E-01
 8.94543E-01  3.70532E-01  2.50000E-01
 8.05067E-01  5.37929E-01  2.50000E-01
 6.84653E-01  6.84653E-01  2.50000E-01
 5.37929E-01  8.05067E-01  2.50000E-01
 3.70532E-01  8.94543E-01  2.50000E-01
 1.88895E-01  9.49641E-01  2.50000E-01
 5.92880E-17  9.68246E-01  2.50000E-01
-1.88895E-01  9.49641E-01  2.50000E-01
-3.70532E-01  8.94543E-01  2.50000E-01
-5.37929E-01  8.05067E-01  2.50000E-01
-6.84653E-01  6.84653E-01  2.50000E-01
-8.05067E-01  5.37929E-01  2.50000E-01
-8.94543E-01  3.70532E-01  2.50000E-01
-9.49641E-01  1.88895E-01  2.50000E-01
-9.68246E-01  1.18576E-16  2.50000E-01
-9.49641E-01 -1.88895E-01  2.50000E-01
-8.94543E-01 -3.70532E-01  2.50000E-01
-8.05067E-01 -5.37929E-01  2.50000E-01
-6.84653E-01 -6.84653E-01  2.50000E-01
-5.37929E-01 -8.05067E-01  2.50000E-01
-3.70532E-01 -8.94543E-01  2.50000E-01
-1.88895E-01 -9.49641E-01  2.50000E-01
-1.77864E-16 -9.68246E-01  2.50000E-01
 1.88895E-01 -9.49641E-01  2.50000E-01
 3.70532E-01 -8.94543E-01  2.50000E-01
 5.37929E-01 -8.05067E-01  2.50000E-01
 6.84653E-01 -6.84653E-01  2.50000E-01
 8.05067E-01 -5.37929E-01  2.50000E-01
 8.94543E-01 -3.70532E-01  2.50000E-01
 9.49641E-01 -1.88895E-01  2.50000E-01
 9.81265E-01  9.66462E-02  1.66667E-01
 9.43556E-01  2.86225E-01  1.66667E-01
 8.69586E-01  4.64803E-01  1.66667E-01
 7.62199E-01  6.25520E-01  1.66667E-01
 6.25520E-01  7.62199E-01  1.66667E-01
 4.64803E-01  8.69586E-01  1.66667E-01
 2.86225E-01  9.43556E-01  1.66667E-01
 9.66462E-02  9.81265E-01  1.66667E-01
-9.66462E-02  9.81265E-01  1.66667E-01
-2.86225E-01  9.43556E-01  1.66667E-01
-4.64803E-01  8.69586E-01  1.66667E-01
-6.25520E-01  7.62199E-01  1.66667E-01
-7.62199E-01  6.25520E-01  1.66667E-01
-8.69586E-01  4.64803E-01  1.66667E-01
-9.43556E-01  2.86225E-01  1.66667E-01
-9.81265E-01  9.66462E-02  1.66667E-01
-9.81265E-01 -9.66462E-02  1.66667E-01
-9.43556E-01 -2.86225E-01  1.66667E-01
-8.69586E-01 -4.64803E-01  1.66667E-01
-7.62199E-01 -6.25520E-01  1.66667E-01
-6.25520E-01 -7.62199E-01  1.66667E-01
-4.64803E-01 -8.69586E-01  1.66667E-01
-2.86225E-01 -9.43556E-01  1.66667E-01
-9.66462E-02 -9.81265E-01  1.66667E-01
 9.66462E-02 -9.81265E-01  1.66667E-01
 2.86225E-01 -9.43556E-01  1.66667E-01
 4.64803E-01 -8.69586E-01  1.66667E-01
 6.25520E-01 -7.62199E-01  1.66667E-01
 7.62199E-01 -6.25520E-01  1.66667E-01
 8.69586E-01 -4.64803E-01  1.66667E-01
 9.43556E-01 -2.86225E-01  1.66667E-01
 9.81265E-01 -9.66462E-02  1.66667E-01
 9.96522E-01  0.00000E+00  8.33333E-02
 9.77374E-01  1.94412E-01  8.33333E-02
 9.20666E-01  3.81352E-01  8.33333E-02
 8.28578E-01  5.53638E-01  8.33333E-02
 7.04647E-01  7.04647E-01  8.33333E-02
 5.53638E-01  8.28578E-01  8.33333E-02
 3.81352E-01  9.20666E-01  8.33333E-02
 1.94412E-01  9.77374E-01  8.33333E-02
 6.10194E-17  9.96522E-01  8.33333E-02
-1.94412E-01  9.77374E-01  8.33333E-02
-3.81352E-01  9.20666E-01  8.33333E-02
-5.53638E-01  8.28578E-01  8.33333E-02
-7.04647E-01  7.04647E-01  8.33333E-02
-8.28578E-01  5.53638E-01  8.33333E-02
-9.20666E-01  3.81352E-01  8.33333E-02
-9.77374E-01  1.94412E-01  8.33333E-02
-9.96522E-01  1.22039E-16  8.33333E-02
-9.77374E-01 -1.94412E-01  8.33333E-02
-9.20666E-01 -3.81352E-01  8.33333E-02
-8.28578E-01 -5.53638E-01  8.33333E-02
-7.04647E-01 -7.04647E-01  8.33333E-02
-5.53638E-01 -8.28578E-01  8.33333E-02
-3.81352E-01 -9.20666E-01  8.33333E-02
-1.94412E-01 -9.77374E-01  8.33333E-02
-1.83058E-16 -9.96522E-01  8.33333E-02
 1.94412E-01 -9.77374E-01  8.33333E-02
 3.81352E-01 -9.20666E-01  8.33333E-02
 5.53638E-01 -8.28578E-01  8.33333E-02
 7.04647E-01 -7.04647E-01  8.33333E-02
 8.28578E-01 -5.53638E-01  8.33333E-02
 9.20666E-01 -3.81352E-01  8.33333E-02
 9.77374E-01 -1.94412E-01  8.33333E-02
 9.95185E-01  9.80171E-02  0.00000E+00
 9.56940E-01  2.90285E-01  0.00000E+00
 8.81921E-01  4.71397E-01  0.00000E+00
 7.73010E-01  6.34393E-01  0.00000E+00
 6.34393E-01  7.73010E-01  0.00000E+00
 4.71397E-01  8.81921E-01  0.00000E+00
 2.90285E-01  9.56940E-01  0.00000E+00
 9.80171E-02  9.95185E-01  0.00000E+00
-9.80171E-02  9.95185E-01  0.00000E+00
-2.90285E-01  9.56940E-01  0.00000E+00
-4.71397E-01  8.81921E-01  0.00000E+00
-6.34393E-01  7.73010E-01  0.00000E+00
-7.73010E-01  6.34393E-01  0.00000E+00
-8.81921E-01  4.71397E-01  0.00000E+00
-9.56940E-01  2.90285E-01  0.00000E+00
-9.95185E-01  9.80171E-02  0.00000E+00
-9.95185E-01 -9.80171E-02  0.00000E+00
-9.56940E-01 -2.90285E-01  0.00000E+00
-8.81921E-01 -4.71397E-01  0.00000E+00
-7.73010E-01 -6.34393E-01  0.00000E+00
-6.34393E-01 -7.73010E-01  0.00000E+00
-4.71397E-01 -8.81921E-01  0.00000E+00
-2.90285E-01 -9.56940E-01  0.00000E+00
-9.80171E-02 -9.95185E-01  0.00000E+00
 9.80171E-02 -9.95185E-01  0.00000E+00
 2.90285E-01 -9.56940E-01  0.00000E+00
 4.71397E-01 -8.81921E-01  0.00000E+00
 6.34393E-01 -7.73010E-01  0.00000E+00
 7.73010E-01 -6.34393E-01  0.00000E+00
 8.81921E-01 -4.71397E-01  0.00000E+00
 9.56940E-01 -2.90285E-01  0.00000E+00
 9.95185E-01 -9.80171E-02  0.00000E+00
 9.96522E-01  0.00000E+00 -8.33333E-02
 9.77374E-01  1.94412E-01 -8.33333E-02
 9.20666E-01  3.81352E-01 -8.33333E-02
 8.28578E-01  5.53638E-01 -8.33333E-02
 7.04647E-01  7.04647E-01 -8.33333E-02
 5.53638E-01  8.28578E-01 -8.33333E-02
 3.81352E-01  9.20666E-01 -8.33333E-02
 1.94412E-01  9.77374E-01 -8.33333E-02
 6.10194E-17  9.96522E-01 -8.33333E-02
-1.94412E-01  9.77374E-01 -8.33333E-02
-3.81352E-01  9.20666E-01 -8.33333E-02
-5.53638E-01  8.28578E-01 -8.33333E-02
-7.04647E-01  7.04647E-01 -8.33333E-02
-8.28578E-01  5.53638E-01 -8.33333E-02
-9.20666E-01  3.81352E-01 -8.33333E-02
-9.77374E-01  1.94412E-01 -8.33333E-02
-9.96522E-01  1.22039E-16 -8.33333E-02
-9.77374E-01 -1.94412E-01 -8.33333E-02
-9.20666E-01 -3.81352E-01 -8.33333E-02
-8.28578E-01 -5.53638E-01 -8.33333E-02
-7.04647E-01 -7.04647E-01 -8.33333E-02
-5.53638E-01 -8.28578E-01 -8.33333E-02
-3.81352E-01 -9.20666E-01 -8.33333E-02
-1.94412E-01 -9.77374E-01 -8.33333E-02
-1.83058E-16 -9.96522E-01 -8.33333E-02
 1.94412E-01 -9.77374E-01 -8.33333E-02
 3.81352E-01 -9.20666E-01 -8.33333E-02
 5.53638E-01 -8.28578E-01 -8.33333E-02
 7.04647E-01 -7.04647E-01 -8.33333E-02
 8.28578E-01 -5.53638E-01 -8.33333E-02
 9.20666E-01 -3.81352E-01 -8.33333E-02
 9.77374E-01 -1.94412E-01 -8.33333E-02
 9.81265E-01  9.66462E-02 -1.66667E-01
 9.43556E-01  2.86225E-01 -1.66667E-01
 8.69586E-01  4.64803E-01 -1.66667E-01
 7.62199E-01  6.25520E-01 -1.66667E-01
 6.25520E-01  7.62199E-01 -1.66667E-01
 4.64803E-01  8.69586E-01 -1.66667E-01
 2.86225E-01  9.43556E-01 -1.66667E-01
 9.66462E-02  9.81265E-01 -1.66667E-01
-9.66462E-02  9.81265E-01 -1.66667E-01
-2.86225E-01  9.43556E-01 -1.66667E-01
-4.64803E-01  8.69586E-01 -1.66667E-01
-6.25520E-01  7.62199E-01 -1.66667E-01
-7.62199E-01  6.25520E-01 -1.66667E-01
-8.69586E-01  4.64803E-01 -1.66667E-01
-9.43556E-01  2.86225E-01 -1.66667E-01
-9.81265E-01  9.66462E-02 -1.66667E-01
-9.81265E-01 -9.66462E-02 -1.66667E-01
-9.43556E-01 -2.86225E-01 -1.66667E-01
-8.69586E-01 -4.64803E-01 -1.66667E-01
-7.62199E-01 -6.25520E-01 -1.66667E-01
-6.25520E-01 -7.62199E-01 -1.66667E-01
-4.64803E-01 -8.69586E-01 -1.66667E-01
-2.86225E-01 -9.43556E-01 -1.66667E-01
-9.66462E-02 -9.81265E-01 -1.66667E-01
 9.66462E-02 -9.81265E-01 -1.66667E-01
 2.86225E-01 -9.43556E-01 -1.66667E-01
 4.64803E-01 -8.69586E-01 -1.66667E-01
 6.25520E-01 -7.62199E-01 -1.66667E-01
 7.62199E-01 -6.25520E-01 -1.66667E-01
 8.69586E-01 -4.64803E-01 -1.66667E-01
 9.43556E-01 -2.86225E-01 -1.66667E-01
 9.81265E-01 -9.66462E-02 -1.66667E-01
 9.68246E-01  0.00000E+00 -2.50000E-01
 9.49641E-01  1.88895E-01 -2.50000E-01
 8.94543E-01  3.70532E-01 -2.50000E-01
 8.05067E-01  5.37929E-01 -2.50000E-01
 6.84653E-01  6.84653E-01 -2.50000E-01
 5.37929E-01  8.05067E-01 -2.50000E-01
 3.70532E-01  8.94543E-01 -2.50000E-01
 1.88895E-01  9.49641E-01 -2.50000E-01
 5.92880E-17  9.68246E-01 -2.50000E-01
-1.88895E-01  9.49641E-01 -2.50000E-01
-3.70532E-01  8.94543E-01 -2.50000E-01
-5.37929E-01  8.05067E-01 -2.50000E-01
-6.84653E-01  6.84653E-01 -2.50000E-01
-8.05067E-01  5.37929E-01 -2.50000E-01
-8.94543E-01  3.70532E-01 -2.50000E-01
-9.49641E-01  1.88895E-01 -2.50000E-01
-9.68246E-01  1.18576E-16 -2.50000E-01
-9.49641E-01 -1.88895E-01 -2.50000E-01
-8.94543E-01 -3.70532E-01 -2.50000E-01
-8.05067E-01 -5.37929E-01 -2.50000E-01
-6.84653E-01 -6.84653E-01 -2.50000E-01
-5.37929E-01 -8.05067E-01 -2.50000E-01
-3.70532E-01 -8.94543E-01 -2.50000E-01
-1.88895E-01 -9.49641E-01 -2.50000E-01
-1.77864E-16 -9.68246E-01 -2.50000E-01
 1.88895E-01 -9.49641E-01 -2.50000E-01
 3.70532E-01 -8.94543E-01 -2.50000E-01
 5.37929E-01 -8.05067E-01 -2.50000E-01
 6.84653E-01 -6.84653E-01 -2.50000E-01
 8.05067E-01 -5.37929E-01 -2.50000E-01
 8.94543E-01 -3.70532E-01 -2.50000E-01
 9.49641E-01 -1.88895E-01 -2.50000E-01
 9.38269E-01  9.24114E-02 -3.33333E-01
 9.02212E-01  2.73683E-01 -3.33333E-01
 8.31483E-01  4.44437E-01 -3.33333E-01
 7.28801E-01  5.98112E-01 -3.33333E-01
 5.98112E-01  7.28801E-01 -3.33333E-01
 4.44437E-01  8.31483E-01 -3.33333E-01
 2.73683E-01  9.02212E-01 -3.33333E-01
 9.24114E-02  9.38269E-01 -3.33333E-01
-9.24114E-02  9.38269E-01 -3.33333E-01
-2.73683E-01  9.02212E-01 -3.33333E-01
-4.44437E-01  8.31483E-01 -3.33333E-01
-5.98112E-01  7.28801E-01 -3.33333E-01
-7.28801E-01  5.98112E-01 -3.33333E-01
-8.31483E-01  4.44437E-01 -3.33333E-01
-9.02212E-01  2.73683E-01 -3.33333E-01
-9.38269E-01  9.24114E-02 -3.33333E-01
-9.38269E-01 -9.24114E-02 -3.33333E-01
-9.02212E-01 -2.73683E-01 -3.33333E-01
-8.31483E-01 -4.44437E-01 -3.33333E-01
-7.28801E-01 -5.98112E-01 -3.33333E-01
-5.98112E-01 -7.28801E-01 -3.33333E-01
-4.44437E-01 -8.31483E-01 -3.33333E-01
-2.73683E-01 -9.02212E-01 -3.33333E-01
-9.24114E-02 -9.38269E-01 -3.33333E-01
 9.24114E-02 -9.38269E-01 -3.33333E-01
 2.73683E-01 -9.02212E-01 -3.33333E-01
 4.44437E-01 -8.31483E-01 -3.33333E-01
 5.98112E-01 -7.28801E-01 -3.33333E-01
 7.28801E-01 -5.98112E-01 -3.33333E-01
 8.31483E-01 -4.44437E-01 -3.33333E-01
 9.02212E-01 -2.73683E-01 -3.33333E-01
 9.38269E-01 -9.24114E-02 -3.33333E-01
 9.09059E-01  0.00000E+00 -4.16667E-01
 8.91592E-01  1.77349E-01 -4.16667E-01
 8.39861E-01  3.47882E-01 -4.16667E-01
 7.55855E-01  5.05046E-01 -4.16667E-01
 6.42802E-01  6.42802E-01 -4.16667E-01
 5.05046E-01  7.55855E-01 -4.16667E-01
 3.47882E-01  8.39861E-01 -4.16667E-01
 1.77349E-01  8.91592E-01 -4.16667E-01
 5.56638E-17  9.09059E-01 -4.16667E-01
-1.77349E-01  8.91592E-01 -4.16667E-01
-3.47882E-01  8.39861E-01 -4.16667E-01
-5.05046E-01  7.55855E-01 -4.16667E-01
-6.42802E-01  6.42802E-01 -4.16667E-01
-7.55855E-01  5.05046E-01 -4.16667E-01
-8.39861E-01  3.47882E-01 -4.16667E-01
-8.91592E-01  1.77349E-01 -4.16667E-01
-9.09059E-01  1.11328E-16 -4.16667E-01
-8.91592E-01 -1.77349E-01 -4.16667E-01
-8.39861E-01 -3.47882E-01 -4.16667E-01
-7.55855E-01 -5.05046E-01 -4.16667E-01
-6.42802E-01 -6.42802E-01 -4.16667E-01
-5.05046E-01 -7.55855E-01 -4.16667E-01
-3.47882E-01 -8.39861E-01 -4.16667E-01
-1.77349E-01 -8.91592E-01 -4.16667E-01
-1.66991E-16 -9.09059E-01 -4.16667E-01
 1.77349E-01 -8.91592E-01 -4.16667E-01
 3.47882E-01 -8.39861E-01 -4.16667E-01
 5.05046E-01 -7.55855E-01 -4.16667E-01
 6.42802E-01 -6.42802E-01 -4.16667E-01
 7.55855E-01 -5.05046E-01 -4.16667E-01
 8.39861E-01 -3.47882E-01 -4.16667E-01
 8.91592E-01 -1.77349E-01 -4.16667E-01
 8.61855E-01  8.48853E-02 -5.00000E-01
 8.28735E-01  2.51394E-01 -5.00000E-01
 7.63766E-01  4.08242E-01 -5.00000E-01
 6.69447E-01  5.49401E-01 -5.00000E-01
 5.49401E-01  6.69447E-01 -5.00000E-01
 4.08242E-01  7.63766E-01 -5.00000E-01
 2.51394E-01  8.28735E-01 -5.00000E-01
 8.48853E-02  8.61855E-01 -5.00000E-01
-8.48853E-02  8.61855E-01 -5.00000E-01
-2.51394E-01  8.28735E-01 -5.00000E-01
-4.08242E-01  7.63766E-01 -5.00000E-01
-5.49401E-01  6.69447E-01 -5.00000E-01
-6.69447E-01  5.49401E-01 -5.00000E-01
-7.63766E-01  4.08242E-01 -5.00000E-01
-8.28735E-01  2.51394E-01 -5.00000E-01
-8.61855E-01  8.48853E-02 -5.00000E-01
-8.61855E-01 -8.48853E-02 -5.00000E-01
-8.28735E-01 -2.51394E-01 -5.00000E-01
-7.63766E-01 -4.08242E-01 -5.00000E-01
-6.69447E-01 -5.49401E-01 -5.00000E-01
-5.49401E-01 -6.69447E-01 -5.00000E-01
-4.08242E-01 -7.63766E-01 -5.00000E-01
-2.51394E-01 -8.28735E-01 -5.00000E-01
-8.48853E-02 -8.61855E-01 -5.00000E-01
 8.48853E-02 -8.61855E-01 -5.00000E-01
 2.51394E-01 -8.28735E-01 -5.00000E-01
 4.08242E-01 -7.63766E-01 -5.00000E-01
 5.49401E-01 -6.69447E-01 -5.00000E-01
 6.69447E-01 -5.49401E-01 -5.00000E-01
 7.63766E-01 -4.08242E-01 -5.00000E-01
 8.28735E-01 -2.51394E-01 -5.00000E-01
 8.61855E-01 -8.48853E-02 -5.00000E-01
 8.12233E-01  0.00000E+00 -5.83333E-01
 7.96626E-01  1.58459E-01 -5.83333E-01
 7.50405E-01  3.10828E-01 -5.83333E-01
 6.75347E-01  4.51252E-01 -5.83333E-01
 5.74335E-01  5.74335E-01 -5.83333E-01
 4.51252E-01  6.75347E-01 -5.83333E-01
 3.10828E-01  7.50405E-01 -5.83333E-01
 1.58459E-01  7.96626E-01 -5.83333E-01
 4.97349E-17  8.12233E-01 -5.83333E-01
-1.58459E-01  7.96626E-01 -5.83333E-01
-3.10828E-01  7.50405E-01 -5.83333E-01
-4.51252E-01  6.75347E-01 -5.83333E-01
-5.74335E-01  5.74335E-01 -5.83333E-01
-6.75347E-01  4.51252E-01 -5.83333E-01
-7.50405E-01  3.10828E-01 -5.83333E-01
-7.96626E-01  1.58459E-01 -5.83333E-01
-8.12233E-01  9.94698E-17 -5.83333E-01
-7.96626E-01 -1.58459E-01 -5.83333E-01
-7.50405E-01 -3.10828E-01 -5.83333E-01
-6.75347E-01 -4.51252E-01 -5.83333E-01
-5.74335E-01 -5.74335E-01 -5.83333E-01
-4.51252E-01 -6.75347E-01 -5.83333E-01
-3.10828E-01 -7.50405E-01 -5.83333E-01
-1.58459E-01 -7.96626E-01 -5.83333E-01
-1.49205E-16 -8.12233E-01 -5.83333E-01
 1.58459E-01 -7.96626E-01 -5.83333E-01
 3.10828E-01 -7.50405E-01 -5.83333E-01
 4.51252E-01 -6.75347E-01 -5.83333E-01
 5.74335E-01 -5.74335E-01 -5.83333E-01
 6.75347E-01 -4.51252E-01 -5.83333E-01
 7.50405E-01 -3.10828E-01 -5.83333E-01
 7.96626E-01 -1.58459E-01 -5.83333E-01
 7.41767E-01  7.30577E-02 -6.66667E-01
 7.13261E-01  2.16365E-01 -6.66667E-01
 6.57345E-01  3.51358E-01 -6.66667E-01
 5.76168E-01  4.72849E-01 -6.66667E-01
 4.72849E-01  5.76168E-01 -6.66667E-01
 3.51358E-01  6.57345E-01 -6.66667E-01
 2.16365E-01  7.13261E-01 -6.66667E-01
 7.30577E-02  7.41767E-01 -6.66667E-01
-7.30577E-02  7.41767E-01 -6.66667E-01
-2.16365E-01  7.13261E-01 -6.66667E-01
-3.51358E-01  6.57345E-01 -6.66667E-01
-4.72849E-01  5.76168E-01 -6.66667E-01
-5.76168E-01  4.72849E-01 -6.66667E-01
-6.57345E-01  3.51358E-01 -6.66667E-01
-7.13261E-01  2.16365E-01 -6.66667E-01
-7.41767E-01  7.30577E-02 -6.66667E-01
-7.41767E-01 -7.30577E-02 -6.66667E-01
-7.13261E-01 -2.16365E-01 -6.66667E-01
-6.57345E-01 -3.51358E-01 -6.66667E-01
-5.76168E-01 -4.72849E-01 -6.66667E-01
-4.72849E-01 -5.76168E-01 -6.66667E-01
-3.51358E-01 -6.57345E-01 -6.66667E-01
-2.16365E-01 -7.13261E-01 -6.66667E-01
-7.30577E-02 -7.41767E-01 -6.66667E-01
 7.30577E-02 -7.41767E-01 -6.66667E-01
 2.16365E-01 -7.13261E-01 -6.66667E-01
 3.51358E-01 -6.57345E-01 -6.66667E-01
 4.72849E-01 -5.76168E-01 -6.66667E-01
 5.76168E-01 -4.72849E-01 -6.66667E-01
 6.57345E-01 -3.51358E-01 -6.66667E-01
 7.13261E-01 -2.16365E-01 -6.66667E-01
 7.41767E-01 -7.30577E-02 -6.66667E-01
 6.63101E-01  7.47136E-02 -7.44792E-01
 6.29851E-01  2.20394E-01 -7.44792E-01
 5.65017E-01  3.55023E-01 -7.44792E-01
 4.71850E-01  4.71850E-01 -7.44792E-01
 3.55023E-01  5.65017E-01 -7.44792E-01
 2.20394E-01  6.29851E-01 -7.44792E-01
 7.47136E-02  6.63101E-01 -7.44792E-01
-7.47136E-02  6.63101E-01 -7.44792E-01
-2.20394E-01  6.29851E-01 -7.44792E-01
-3.55023E-01  5.65017E-01 -7.44792E-01
-4.71850E-01  4.71850E-01 -7.44792E-01
-5.65017E-01  3.55023E-01 -7.44792E-01
-6.29851E-01  2.20394E-01 -7.44792E-01
-6.63101E-01  7.47136E-02 -7.44792E-01
-6.63101E-01 -7.47136E-02 -7.44792E-01
-6.29851E-01 -2.20394E-01 -7.44792E-01
-5.65017E-01 -3.55023E-01 -7.44792E-01
-4.71850E-01 -4.71850E-01 -7.44792E-01
-3.55023E-01 -5.65017E-01 -7.44792E-01
-2.20394E-01 -6.29851E-01 -7.44792E-01
-7.47136E-02 -6.63101E-01 -7.44792E-01
 7.47136E-02 -6.63101E-01 -7.44792E-01
 2.20394E-01 -6.29851E-01 -7.44792E-01
 3.55023E-01 -5.65017E-01 -7.44792E-01
 4.71850E-01 -4.71850E-01 -7.44792E-01
 5.65017E-01 -3.55023E-01 -7.44792E-01
 6.29851E-01 -2.20394E-01 -7.44792E-01
 6.63101E-01 -7.47136E-02 -7.44792E-01
 5.77974E-01  7.60917E-02 -8.12500E-01
 5.38586E-01  2.23090E-01 -8.12500E-01
 4.62494E-01  3.54884E-01 -8.12500E-01
 3.54884E-01  4.62494E-01 -8.12500E-01
 2.23090E-01  5.38586E-01 -8.12500E-01
 7.60917E-02  5.77974E-01 -8.12500E-01
-7.60917E-02  5.77974E-01 -8.12500E-01
-2.23090E-01  5.38586E-01 -8.12500E-01
-3.54884E-01  4.62494E-01 -8.12500E-01
-4.62494E-01  3.54884E-01 -8.12500E-01
-5.38586E-01  2.23090E-01 -8.12500E-01
-5.77974E-01  7.60917E-02 -8.12500E-01
-5.77974E-01 -7.60917E-02 -8.12500E-01
-5.38586E-01 -2.23090E-01 -8.12500E-01
-4.62494E-01 -3.54884E-01 -8.12500E-01
-3.54884E-01 -4.62494E-01 -8.12500E-01
-2.23090E-01 -5.38586E-01 -8.12500E-01
-7.60917E-02 -5.77974E-01 -8.12500E-01
 7.60917E-02 -5.77974E-01 -8.12500E-01
 2.23090E-01 -5.38586E-01 -8.12500E-01
 3.54884E-01 -4.62494E-01 -8.12500E-01
 4.62494E-01 -3.54884E-01 -8.12500E-01
 5.38586E-01 -2.23090E-01 -8.12500E-01
 5.77974E-01 -7.60917E-02 -8.12500E-01
 4.87344E-01  7.71878E-02 -8.69792E-01
 4.39640E-01  2.24008E-01 -8.69792E-01
 3.48900E-01  3.48900E-01 -8.69792E-01
 2.24008E-01  4.39640E-01 -8.69792E-01
 7.71878E-02  4.87344E-01 -8.69792E-01
-7.71878E-02  4.87344E-01 -8.69792E-01
-2.24008E-01  4.39640E-01 -8.69792E-01
-3.48900E-01  3.48900E-01 -8.69792E-01
-4.39640E-01  2.24008E-01 -8.69792E-01
-4.87344E-01  7.71878E-02 -8.69792E-01
-4.87344E-01 -7.71878E-02 -8.69792E-01
-4.39640E-01 -2.24008E-01 -8.69792E-01
-3.48900E-01 -3.48900E-01 -8.69792E-01
-2.24008E-01 -4.39640E-01 -8.69792E-01
-7.71878E-02 -4.87344E-01 -8.69792E-01
 7.71878E-02 -4.87344E-01 -8.69792E-01
 2.24008E-01 -4.39640E-01 -8.69792E-01
 3.48900E-01 -3.48900E-01 -8.69792E-01
 4.39640E-01 -2.24008E-01 -8.69792E-01
 4.87344E-01 -7.71878E-02 -8.69792E-01
 3.91973E-01  7.79684E-02 -9.16667E-01
 3.32299E-01  2.22035E-01 -9.16667E-01
 2.22035E-01  3.32299E-01 -9.16667E-01
 7.79684E-02  3.91973E-01 -9.16667E-01
-7.79684E-02  3.91973E-01 -9.16667E-01
-2.22035E-01  3.32299E-01 -9.16667E-01
-3.32299E-01  2.22035E-01 -9.16667E-01
-3.91973E-01  7.79684E-02 -9.16667E-01
-3.91973E-01 -7.79684E-02 -9.16667E-01
-3.32299E-01 -2.22035E-01 -9.16667E-01
-2.22035E-01 -3.32299E-01 -9.16667E-01
-7.79684E-02 -3.91973E-01 -9.16667E-01
 7.79684E-02 -3.91973E-01 -9.16667E-01
 2.22035E-01 -3.32299E-01 -9.16667E-01
 3.32299E-01 -2.22035E-01 -9.16667E-01
 3.91973E-01 -7.79684E-02 -9.16667E-01
 2.92267E-01  7.83126E-02 -9.53125E-01
 2.13954E-01  2.13954E-01 -9.53125E-01
 7.83126E-02  2.92267E-01 -9.53125E-01
-7.83126E-02  2.92267E-01 -9.53125E-01
-2.13954E-01  2.13954E-01 -9.53125E-01
-2.92267E-01  7.83126E-02 -9.53125E-01
-2.92267E-01 -7.83126E-02 -9.53125E-01
-2.13954E-01 -2.13954E-01 -9.53125E-01
-7.83126E-02 -2.92267E-01 -9.53125E-01
 7.83126E-02 -2.92267E-01 -9.53125E-01
 2.13954E-01 -2.13954E-01 -9.53125E-01
 2.92267E-01 -7.83126E-02 -9.53125E-01
 1.87601E-01  7.77070E-02 -9.79167E-01
 7.77070E-02  1.87601E-01 -9.79167E-01
-7.77070E-02  1.87601E-01 -9.79167E-01
-1.87601E-01  7.77070E-02 -9.79167E-01
-1.87601E-01 -7.77070E-02 -9.79167E-01
-7.77070E-02 -1.87601E-01 -9.79167E-01
 7.77070E-02 -1.87601E-01 -9.79167E-01
 1.87601E-01 -7.77070E-02 -9.79167E-01
 7.20748E-02  7.20748E-02 -9.94792E-01
-7.20748E-02  7.20748E-02 -9.94792E-01
-7.20748E-02 -7.20748E-02 -9.94792E-01
 7.20748E-02 -7.20748E-02 -9.94792E-01
