0.0     -14.0   -13.0	-12.0   -11.0	-10.0   -9.0	-8.0    -7.0	-6.0    -5.0	-4.0    -3.0	-2.0    -1.0	0.0
0.0000  0.00010	0.00010	0.00010	0.00010	0.00010	0.00010	0.00010	0.00010	0.00010	0.00010	0.00010	0.00010	0.00010	0.00010	0.00010	
1.0000	0.01471	0.01471	0.01471	0.01471	0.01471	0.01471	0.01471	0.01471	0.01471	0.01471	0.01471	0.01471	0.01471	0.01471	0.01471	
1.3010	0.05859	0.05859	0.05859	0.05859	0.05859	0.05859	0.05859	0.05859	0.05859	0.05859	0.05859	0.05859	0.05859	0.05859	0.05859		
1.4771	0.15420	0.15420	0.15420	0.15420	0.15420	0.15420	0.15420	0.15420	0.15420	0.15420	0.15420	0.15420	0.15420	0.15420	0.15420		
1.6021	0.31750	0.31750	0.31750	0.31750 0.31750 0.31750	0.31750	0.31750	0.31750	0.31750	0.31750	0.31750	0.31750	0.31750	0.31750		
1.6990	0.55830	0.55830	0.55830	0.55830	0.55830	0.55830	0.55830	0.55830	0.55830	0.55830	0.55830	0.55830	0.55830	0.55830	0.55830		
1.7782	0.87280	0.87280	0.87280	0.87280	0.87280	0.87280	0.87280	0.87280	0.87280	0.87280	0.87280	0.87280	0.87280	0.87280	0.87280		
1.8451	1.24000	1.24000	1.24000	1.24000	1.24000	1.24000	1.24000	1.24000	1.24000	1.24000	1.24000	1.24000	1.24000	1.24000	1.24000	
1.9031	1.63400	1.63400	1.63400	1.63400	1.63400	1.63400	1.63400	1.63400	1.63400	1.63400	1.63400	1.63400	1.63400	1.63400	1.63400	
1.9542	2.03500	2.03500	2.03500	2.03500	2.03500	2.03500	2.03500	2.03500	2.03500	2.03500	2.03500	2.03500	2.03500	2.03500	2.03500	
2.0000	2.43500	2.43500	2.43500	2.43500	2.43500	2.43500	2.43500	2.43500	2.43500	2.43500	2.43500	2.43500	2.43500	2.43500	2.43500
2.0414	1.22930	2.81943	2.81943	2.81943	2.81943	2.81943	2.81943	2.81943	2.81943	2.81943	2.81943	2.81943	2.81943	2.81943	2.81943	
2.0792	0.65866	1.61747	3.22315	3.22315	3.22315	3.22315	3.22315	3.22315	3.22315	3.22315	3.22315	3.22315	3.22315	3.22315	3.22315		
2.1139	0.57264	0.97118	2.42779	3.63536	3.63536	3.63536	3.63536	3.63536	3.63536	3.63536	3.63536	3.63536	3.63536	3.63536	3.63536	
2.1461	0.60496	0.60496	1.26216	4.05218	4.05218	4.05218	4.05218	4.05218	4.05218	4.05218	4.05218	4.05218	4.05218	4.05218	4.05218	
2.1761	0.68650	0.68650	0.68650	1.76648	4.48500	4.48500	4.48500	4.48500	4.48500	4.48500	4.48500	4.48500	4.48500	4.48500	4.48500	
2.2041	0.77006	0.77006	0.77006	0.77006	2.29285	4.91933	4.91933	4.91933	4.91933	4.91933	4.91933	4.91933	4.91933	4.91933	4.91933	
2.2304	0.85779	0.85779	0.85779	0.85779	1.22084	2.83930	5.36556	5.36556	5.36556	5.36556	5.36556	5.36556	5.36556	5.36556	5.36556		
2.2553	0.94585	0.94585	0.94585	0.94585	0.94585	1.58912	3.98681	5.81203	5.81203	5.81203	5.81203	5.81203	5.81203	5.81203	5.81203	
2.2788	1.03343	1.03343	1.03343	1.03343	1.03343	1.03343	2.08189	6.25672	6.25672	6.25672	6.25672	6.25672	6.25672	6.25672	6.25672	
2.3010	1.12400	1.12400	1.12400	1.12400	1.12400	1.12400	1.12400	3.44291	6.71000	6.71000	6.71000	6.71000	6.71000	6.71000	6.71000	
2.3222	1.20815	1.20815	1.20815	1.20815	1.20815	1.20815	1.20815	2.03950	3.44069	7.12347	7.12347	7.12347	7.12347	7.12347	7.12347		
2.3424	1.29424	1.29424	1.29424	1.29424	1.29424	1.29424	1.29424	1.29424	1.81998	7.54141	7.54141	7.54141	7.54141	7.54141	7.54141	
2.3617	1.37520	1.37520	1.37520	1.37520	1.37520	1.37520	1.37520	1.37520	1.37520	7.93721	7.93721	7.93721	7.93721	7.93721	7.93721
2.3802	1.45021	1.45021	1.45021	1.45021	1.45021	1.45021	1.45021	1.45021	1.45021	8.30853	8.30853	8.30853	8.30853	8.30853	8.30853
2.3979	1.52600	1.52600	1.52600	1.52600	1.52600	1.52600	1.52600	1.52600	1.52600	8.68100	8.68100	8.68100	8.68100	8.68100	8.68100
2.4150	1.46762	1.52736	1.58953	1.58953	1.58953	1.58953	1.58953	1.58953	1.58953	4.03136	10.2243	10.2243	10.2243	8.98761	8.98761	
2.4314	1.41356	1.41356	1.41356	1.41356	1.41356	1.41356	1.41356	1.41356	1.41356	1.41356	11.9678	11.9678	11.9678	9.29286	9.29286	
2.4472	1.40082	1.40082	1.40082	1.40082	1.40082	1.40082	1.40082	1.40082	1.40082	1.40082	8.60004	12.8446	12.8446	12.8446	10.0193
2.4624	1.42612	1.42612	1.42612	1.42612	1.42612	1.42612	1.42612	1.42612	1.42612	1.42612	3.89272	12.6991	12.6991	12.6991	11.2398 
2.4771	1.45100	1.62059	1.81000	1.81000	1.81000	1.81000	1.81000	1.81000	1.81000	1.81000	1.81000	4.76798	12.5600	12.5600	12.5600
2.4914	1.46564	1.46564	1.46564	1.84873	1.84873	1.84873	1.84873	1.84873	1.84873	1.84873	1.84873	1.84873	5.80146	12.4113	12.4113
2.5055	1.47996	1.47996	1.47996	1.88702	1.88702	1.88702	1.88702	1.88702	1.88702	1.88702	1.88702	1.88702	2.74623	12.2689	12.2689
2.5185	1.49151	1.49151	1.49151	1.49151	1.81646	1.92022	1.92022	1.92022	1.92022	1.92022	1.92022	1.92022	1.92022	3.13856	8.38472
2.5315	1.50036	1.50036	1.50036	1.50036	1.65335	1.94832	1.94832	1.94832	1.94832	1.94832	1.94832	1.94832	1.94832	1.94832	4.02737
2.5441	1.50900	1.50900	1.50900	1.50900	1.50900	1.97600	1.97600	1.97600	1.97600	1.97600	1.97600	1.97600	1.97600	1.97600	1.97600	
2.5563	1.51551	1.51551	1.51551	1.51551	1.51551	1.99988	1.99988	1.99988	1.99988	1.99988	1.99988	1.99988	1.99988	1.99988	1.99988	
2.5682	1.52187	1.52187	1.52187	1.52187	1.52187	1.74637	2.02338	2.02338	2.02338	2.02338	2.02338	2.02338	2.02338	2.02338	2.02338	
2.5798	1.52746	1.52746	1.52746	1.52746	1.52746	1.52746	1.92110	2.04395	2.04395	2.04395	2.04395	2.04395	2.04395	2.04395	2.04395	
2.5911	1.53228	1.53228	1.53228	1.53228	1.53228	1.53228	1.71589	2.06163	2.06163	2.06163	2.06163	2.06163	2.06163	2.06163	2.06163	
2.6021	1.53700	1.53700	1.53700	1.53700	1.53700	1.53700	1.53700	2.07900	2.07900	2.07900	2.07900	2.07900	2.07900	2.07900	2.07900
2.6128	1.54309	1.54309	1.54309	1.54309	1.54309	1.54309	1.54309	2.09882	2.09882	2.09882	2.09882	2.09882	2.09882	2.09882	2.09882	
2.6232	1.54906	1.54906	1.54906	1.54906	1.54906	1.54906	1.54906	2.11834	2.11834	2.11834	2.11834	2.11834	2.11834	2.11834	2.11834	
2.6335	1.55567	1.55567	1.55567	1.55567	1.55567	1.55567	1.55567	1.82260	2.13532	2.13532	2.13532	2.13532	2.13532	2.13532	2.13532	
2.6435	1.56290	1.56290	1.56290	1.56290	1.56290	1.56290	1.56290	1.56290	2.14977	2.14977	2.14977	2.14977	2.14977	2.14977	2.14977	
2.6532	1.57000	1.57000	1.57000	1.57000	1.57000	1.57000	1.57000	1.57000	2.16400	2.16400	2.16400	2.16400	2.16400	2.16400	2.16400	
2.6628	1.57850	1.57850	1.57850	1.57850	1.57850	1.57850	1.57850	1.57850	1.90965	2.18218	2.18218	2.18218	2.18218	2.18218	2.18218	
2.6721	1.58687	1.58687	1.58687	1.58687	1.58687	1.58687	1.58687	1.58687	1.68972	2.20012	2.20012	2.20012	2.20012	2.20012	2.20012	
2.6812	1.59587	1.59587	1.59587	1.59587	1.59587	1.59587	1.59587	1.59587	1.59587	2.17557	2.17557	2.17557	2.17557	2.17557	2.17557	
2.6902	1.60550	1.60550	1.60550	1.60550	1.60550	1.60550	1.60550	1.60550	1.60550	2.11121	2.11121	2.11121	2.11121	2.11121	2.11121	
2.6990	1.61500	1.61500	1.61500	1.61500	1.61500	1.61500	1.61500	1.61500	1.61500	1.61500	2.05000	2.05000	2.05000	2.05000	2.05000	
2.7404	1.80300	1.80300	1.80300	1.80300	1.80300	1.80300	1.80300	1.80300	1.80300	1.80300	2.17100	2.17100	2.17100	2.17100	2.17100	
2.7782	1.89100	1.89100	1.89100	1.89100	1.89100	1.89100	1.89100	1.89100	1.89100	1.89100	1.89100	2.08368	2.29600	2.29600	2.29600	
2.8129	1.98700	1.98700	1.98700	1.98700	1.98700	1.98700	1.98700	1.98700	1.98700	1.98700	1.98700	1.98700	1.98700	2.43000	2.43000	
2.8451	2.09200	2.09200	2.09200	2.09200	2.09200	2.09200	2.09200	2.09200	2.09200	2.09200	2.09200	2.09200	2.09200	2.09200	2.57000	
2.8751	2.20300	2.20300	2.20300	2.20300	2.20300	2.20300	2.20300	2.20300	2.20300	2.20300	2.20300	2.20300	2.20300	2.20300	2.20300	
2.9031	2.31900	2.31900	2.31900	2.31900	2.31900	2.31900	2.31900	2.31900	2.31900	2.31900	2.31900	2.31900	2.31900	2.31900	2.31900	
2.9294	2.44000	2.44000	2.44000	2.44000	2.44000	2.44000	2.44000	2.44000	2.44000	2.44000	2.44000	2.44000	2.44000	2.44000	2.44000	
2.9542	2.56500	2.56500	2.56500	2.56500	2.56500	2.56500	2.56500	2.56500	2.56500	2.56500	2.56500	2.56500	2.56500	2.56500	2.56500	
2.9778	2.69300	2.69300	2.69300	2.69300	2.69300	2.69300	2.69300	2.69300	2.69300	2.69300	2.69300	2.69300	2.69300	2.69300	2.69300	
3.0000	2.82400	2.82400	2.82400	2.82400	2.82400	2.82400	2.82400	2.82400	2.82400	2.82400	2.82400	2.82400	2.82400	2.82400	2.82400	
3.0212	2.95700	2.95700	2.95700	2.95700	2.95700	2.95700	2.95700	2.95700	2.95700	2.95700	2.95700	2.95700	2.95700	2.95700	2.95700	
3.0414	0.0	3.09300	3.09300	3.09300	3.09300	3.09300	3.09300	3.09300	3.09300	3.09300	3.09300	3.09300	3.09300	3.09300	3.09300	
3.0607	0.0	0.0	3.23000	3.23000	3.23000	3.23000	3.23000	3.23000	3.23000	3.23000	3.23000	3.23000	3.23000	3.23000	3.23000	
3.0792	0.0	0.0	0.0	0.0	3.36800	3.36800	3.36800	3.36800	3.36800	3.36800	3.36800	3.36800	3.36800	3.36800	3.36800	
3.0970	0.0	0.0	0.0	0.0	3.50700	3.50700	3.50700	3.50700	3.50700	3.50700	3.50700	3.50700	3.50700	3.50700	3.50700	
3.1139	0.0	0.0	0.0	0.0	0.0	0.0	3.64800	3.64800	3.64800	3.64800	3.64800	3.64800	3.64800	3.64800	3.64800	
3.1303	0.0	0.0	0.0	0.0	0.0	0.0	3.78900	3.78900	3.78900	3.78900	3.78900	3.78900	3.78900	3.78900	3.78900	
3.1461	0.0	0.0	0.0	0.0	0.0	0.0	2.14100	3.93000	3.93000	3.93000	3.93000	3.93000	3.93000	3.93000	3.93000	
3.1614	0.0	0.0	0.0	0.0	0.0	0.0	0.0	4.07100	4.07100	4.07100	4.07100	4.07100	4.07100	4.07100	4.07100	
3.1761	0.0	0.0	0.0	0.0	0.0	0.0	0.0	0.0	4.21300	4.21300	4.21300	4.21300	4.21300	4.21300	4.21300	
3.2041	0.0	0.0	0.0	0.0	0.0	0.0	0.0	0.0	2.47100	4.49700	4.49700	4.49700	4.49700	4.49700	4.49700	
3.2304	0.0	0.0	0.0	0.0	0.0	0.0	0.0	0.0	2.63000	2.63000	4.78000	4.78000	4.78000	4.78000	4.78000	
3.2553	0.0	0.0	0.0	0.0	0.0	0.0	0.0	0.0	0.0   	2.78600	2.78600	3.75536	5.06200	5.06200	5.06200	
3.2788	0.0	0.0	0.0	0.0	0.0	0.0	0.0	0.0	0.0   	2.93800	2.93800	2.93800	2.93800	5.34200	5.34200	
3.3010	0.0	0.0	0.0	0.0	0.0	0.0	0.0	0.0	0.0  	3.08700	3.08700	3.08700	3.08700	3.08700	5.62000	
3.3222	0.0	0.0	0.0	0.0	0.0	0.0	0.0	0.0	0.0   	0.0  	3.23300	3.23300	3.23300	3.23300	3.23300	
3.3424	0.0	0.0	0.0	0.0	0.0	0.0	0.0	0.0	0.0  	0.0  	0.0  	3.37700	3.37700	3.37700	3.37700	
3.3617	0.0	0.0	0.0	0.0	0.0	0.0	0.0	0.0	0.0 	0.0  	0.0  	0.0   	3.51800	3.51800	3.51800	
3.3802	0.0	0.0	0.0	0.0	0.0	0.0	0.0	0.0	0.0	0.0  	0.0  	0.0   	0.0   	0.0	3.65600	
3.3979	0.0	0.0	0.0	0.0	0.0	0.0	0.0	0.0	0.0	0.0  	0.0  	0.0   	0.0   	0.0	3.79100	  
3.4000	0.0	0.0	0.0	0.0	0.0	0.0	0.0	0.0	0.0	0.0  	0.0  	0.0   	0.0   	0.0   	0.0	  
3.4500	0.0	0.0	0.0	0.0	0.0	0.0	0.0	0.0	0.0	0.0  	0.0  	0.0   	0.0   	0.0   	0.0	  
3.5000	0.0	0.0	0.0	0.0	0.0	0.0	0.0	0.0	0.0	0.0  	0.0  	0.0   	0.0   	0.0   	0.0	  
3.5500	0.0	0.0	0.0	0.0	0.0	0.0	0.0	0.0	0.0	0.0  	0.0  	0.0   	0.0   	0.0   	0.0	  
3.6000	0.0	0.0	0.0	0.0	0.0	0.0	0.0	0.0	0.0	0.0  	0.0  	0.0   	0.0   	0.0   	0.0	  
3.6500	0.0	0.0	0.0	0.0	0.0	0.0	0.0	0.0	0.0	0.0  	0.0  	0.0   	0.0   	0.0   	0.0	  
3.7000	0.0	0.0	0.0	0.0	0.0	0.0	0.0	0.0	0.0	0.0  	0.0  	0.0   	0.0   	0.0   	0.0	  
3.7500	0.0	0.0	0.0	0.0	0.0	0.0	0.0	0.0	0.0	0.0  	0.0  	0.0   	0.0   	0.0   	0.0	  
3.8000	0.0	0.0	0.0	0.0	0.0	0.0	0.0	0.0	0.0	0.0  	0.0  	0.0   	0.0   	0.0   	0.0	  
3.8500	0.0	0.0	0.0	0.0	0.0	0.0	0.0	0.0	0.0	0.0  	0.0  	0.0   	0.0   	0.0   	0.0	  
3.9000	0.0	0.0	0.0	0.0	0.0	0.0	0.0	0.0	0.0	0.0  	0.0  	0.0   	0.0   	0.0   	0.0	  
3.9500	0.0	0.0	0.0	0.0	0.0	0.0	0.0	0.0	0.0	0.0  	0.0  	0.0   	0.0   	0.0   	0.0	  
4.0000	0.0	0.0	0.0	0.0	0.0	0.0	0.0	0.0	0.0	0.0  	0.0  	0.0   	0.0   	0.0   	0.0	  
