0.0     -14.0   -13.0	-12.0   -11.0	-10.0   -9.0	-8.0    -7.0	-6.0    -5.0	-4.0    -3.0	-2.0    -1.0	0.0
3.0000	0.0	0.0	0.0	0.0	0.0	0.0	0.0	0.0	0.0	0.0	0.0	0.0	0.0	0.0	0.0	
3.0212	0.0	0.0	0.0	0.0	0.0	0.0	00	0.0	0.0	0.0	0.0	0.0	0.0	0.0	0.0	
3.0414	0.92589	0.0	0.0	0.0	0.0	0.0	0.0	0.0	0.0	0.0	0.0	0.0	0.0	0.0	0.0	
3.0607	0.94715	0.94715	0.0	0.0	0.0	0.0	0.0	0.0	0.0	0.0	0.0	0.0	0.0	0.0	0.0	
3.0792	0.97167	0.97167	0.97167	1.80903	0.0	0.0	0.0	0.0	0.0	0.0	0.0	0.0	0.0	0.0	0.0	
3.0970	0.99586	0.99586	0.99586	1.86882	0.0	0.0	0.0	0.0	0.0	0.0	0.0	0.0	0.0	0.0	0.0	
3.1139	0.58935	0.77510	1.01939	1.01939	1.01939	1.97177	0.0	0.0	0.0	0.0	0.0	0.0	0.0	0.0	0.0	
3.1303	0.31582	0.32932	1.04275	1.04275	1.04275	1.04275	0.0	0.0	0.0	0.0	0.0	0.0	0.0	0.0	0.0	
3.1461	0.17315	1.06576	1.06576	1.06576	1.06576	1.06576	0.0	0.0	0.0	0.0	0.0	0.0	0.0	0.0	0.0	
3.1614	0.07414 0.18838	0.47865	0.69395	1.00610	1.00610	1.09423	0.0	0.0	0.0	0.0	0.0	0.0	0.0	0.0	
3.1761	0.03007	0.07136	0.16933	0.39632	0.92760	1.12429	1.12429	2.17638	0.0	0.0	0.0	0.0	0.0	0.0	0.0	
3.2041	0.00520	0.01218	0.02851	0.12976	0.59055	1.06382	1.06382	1.62133	0.0	0.0	0.0	0.0	0.0	0.0	0.0	
3.2304	0.00082	0.00360	0.01581	0.03468	0.07608	0.28037	1.13324	1.72639	0.0	0.0	0.0	0.0	0.0	0.0	0.0	
3.2553	0.00016	0.00114	0.00813	0.01150	0.01626	0.06402	0.25208	0.49  	0.97   	0.0	0.0	0.0	0.0	0.0	0.0	
3.2788	0.00005 0.00039 0.00299 0.00674	0.01518	0.01518 0.05886 0.12   	0.23   	0.0	0.0	0.0	0.0	0.0	0.0	
3.3010	0.00001	0.00072	0.00144	0.00449	0.01402	0.01590	0.01590	0.016  	0.017  	0.0	0.0	0.0	0.0	0.0	0.0	
3.3222	2.5E-06	0.00155 0.00311 0.00553 0.00983 0.01713	0.01713	0.019   0.020   0.020  	0.0	0.0	0.0	0.0	0.0	
3.3424	6.2E-07	0.00004	0.00009	0.00079	0.00700	0.01838 0.01838 0.020  	0.021  	0.024  	0.024  	0.0	0.0	0.0	0.0	
3.3617	1.5E-07	0.00002	0.00005	0.00134	0.00361	0.00831	0.01911	0.02057 0.02214 0.024  	0.025  	0.29   	0.0	0.0	0.0	
3.3802	1.0E-07	0.00001	0.00003	0.00022	0.00155	0.00549	0.01947	0.02188	0.02458	0.027  	0.029  	0.05   	0.09   	0.57362	0.0	
3.3979	1.0E-07	0.00001	0.00003	0.00014	0.00069	0.00351	0.01982	0.02373	0.02842	0.029  	0.030  	0.06   	0.11   	0.64568	0.0	
3.4000	2.9E-07	0.00001	0.00003	0.00014	0.00062	0.00351	0.01986	0.02393	0.02884	0.030  	0.031  	0.09   	0.26   	0.32   	0.40000	
3.4500	6.8E-07	0.00002	0.00005	0.00007	0.00009	0.00095	0.01000	0.02249	0.05058	0.06   	0.07   	0.17   	0.40   	0.89   	2.00001		
3.5000	2.2E-06	0.00005	0.00011	0.00014	0.00019	0.00075	0.00295	0.01566	0.08318	0.09   	0.10   	0.45   	2.0    	4.47 	10.0 	  	
3.5500	6.8E-06	0.00005	0.00010	0.00021	0.00046	0.00130	0.00367	0.01863	0.09462	0.19409	0.39811	1.892  	9.00   	12.0	16.0	   
3.6000	2.2E-05	0.00006	0.00013	0.00022	0.00038	0.00183	0.00883	0.03243	0.11912	0.32960	0.91201	3.02   	10.0   	15.8	25.0	   
3.6500	6.8E-05	0.00015	0.00032	0.00021	0.00042	0.00215	0.01104	0.01700	0.26182	0.36100	0.49774	2.82   	16.00  	23.0	33.0	   
3.7000	0.00022	0.00046	0.00100	0.00067	0.00135	0.00413	0.01262	0.07463	0.44137	1.42037	4.57088	10.69  	25.0   	40.3	65.0	   	
3.7500	0.00068	0.00147	0.00316	0.00292	0.00585	0.01393	0.03319	0.13836	0.57677	2.33884	9.48418	17.7   	33.0   	62.9 	120.0	  
3.8000	0.00215	0.00464	0.01000	0.01507	0.03013	0.05721	0.10864	0.34276	1.08143	4.06443	15.2757	31.7   	65.6   	125.5	240.0	  
3.8500	0.00681	0.01468	0.03162	0.08851	0.17701	0.20723	0.24262	0.83074	2.84446	8.95364	28.1838	55.25  	108.3  	208.1	400.0	  
3.9000	0.02154	0.04642	0.10000	0.44563	0.89125	1.28824	1.86209	3.89046	8.12831	22.1310	60.2560	118.4  	232.5  	431.3	800.0	  
3.9500	0.06813	0.14678	0.31623	1.54160	3.08319	4.92040	7.85236	13.5363	23.3346	43.4510	80.9096	158.45 	310.3  	610.2 	1200.0	 
4.0000  0.21544	0.46416	1.00000	2.82469 5.64937	12.2180	26.4241	41.4954	65.1628	135.207	280.543	552.078	1086.43	2084.6 	4000.0 	
